-1466.3159998720511794 2.0 
-1465.3159998720511794 2.0 
-1464.3159998720511794 0.0 
-1463.3159998720511794 3.0 
-1462.3159998720511794 3.0 
-1461.3159998720511794 5.0 
-1460.3159998720511794 5.0 
-1459.3159998720511794 7.0 
-1458.3159998720511794 5.0 
-1457.3159998720511794 1.0 
-1456.3159998720511794 3.0 
-1455.3159998720511794 0.0 
-1454.3159998720511794 0.0 
-1453.3159998720511794 5.0 
-1452.3159998720511794 3.0 
-1451.3159998720511794 3.0 
-1450.3159998720511794 7.0 
-1449.3159998720511794 4.0 
-1448.3159998720511794 3.0 
-1447.3159998720511794 1.0 
-1446.3159998720511794 3.0 
-1445.3159998720511794 3.0 
-1444.3159998720511794 4.0 
-1443.3159998720511794 4.0 
-1442.3159998720511794 8.0 
-1441.3159998720511794 6.0 
-1440.3159998720511794 5.0 
-1439.3159998720511794 5.0 
-1438.3159998720511794 0.0 
-1437.3159998720511794 5.0 
-1436.3159998720511794 4.0 
-1435.3159998720511794 3.0 
-1434.3159998720511794 3.0 
-1433.3159998720511794 11.0 
-1432.3159998720511794 8.0 
-1431.3159998720511794 8.0 
-1430.3159998720511794 6.0 
-1429.3159998720511794 4.0 
-1428.3159998720511794 0.0 
-1427.3159998720511794 2.0 
-1426.3159998720511794 5.0 
-1425.3159998720511794 5.0 
-1424.3159998720511794 4.0 
-1423.3159998720511794 4.0 
-1422.3159998720511794 3.0 
-1421.3159998720511794 8.0 
-1420.3159998720511794 4.0 
-1419.3159998720511794 7.0 
-1418.3159998720511794 3.0 
-1417.3159998720511794 2.0 
-1416.3159998720511794 3.0 
-1415.3159998720511794 3.0 
-1414.3159998720511794 5.0 
-1413.3159998720511794 6.0 
-1412.3159998720511794 5.0 
-1411.3159998720511794 3.0 
-1410.3159998720511794 0.0 
-1409.3159998720511794 4.0 
-1408.3159998720511794 1.0 
-1407.3159998720511794 3.0 
-1406.3159998720511794 7.0 
-1405.3159998720511794 11.0 
-1404.3159998720511794 2.0 
-1403.3159998720511794 4.0 
-1402.3159998720511794 4.0 
-1401.3159998720511794 1.0 
-1400.3159998720511794 1.0 
-1399.3159998720511794 1.0 
-1398.3159998720511794 3.0 
-1397.3159998720511794 5.0 
-1396.3159998720511794 3.0 
-1395.3159998720511794 10.0 
-1394.3159998720511794 6.0 
-1393.3159998720511794 2.0 
-1392.3159998720511794 2.0 
-1391.3159998720511794 1.0 
-1390.3159998720511794 2.0 
-1389.3159998720511794 3.0 
-1388.3159998720511794 4.0 
-1387.3159998720511794 5.0 
-1386.3159998720511794 3.0 
-1385.3159998720511794 6.0 
-1384.3159998720511794 6.0 
-1383.3159998720511794 1.0 
-1382.3159998720511794 2.0 
-1381.3159998720511794 6.0 
-1380.3159998720511794 5.0 
-1379.3159998720511794 3.0 
-1378.3159998720511794 6.0 
-1377.3159998720511794 8.0 
-1376.3159998720511794 6.0 
-1375.3159998720511794 2.0 
-1374.3159998720511794 3.0 
-1373.3159998720511794 4.0 
-1372.3159998720511794 2.0 
-1371.3159998720511794 3.0 
-1370.3159998720511794 5.0 
-1369.3159998720511794 3.0 
-1368.3159998720511794 2.0 
-1367.3159998720511794 10.0 
-1366.3159998720511794 5.0 
-1365.3159998720511794 4.0 
-1364.3159998720511794 0.0 
-1363.3159998720511794 0.0 
-1362.3159998720511794 0.0 
-1361.3159998720511794 6.0 
-1360.3159998720511794 3.0 
-1359.3159998720511794 2.0 
-1358.3159998720511794 5.0 
-1357.3159998720511794 4.0 
-1356.3159998720511794 1.0 
-1355.3159998720511794 4.0 
-1354.3159998720511794 3.0 
-1353.3159998720511794 2.0 
-1352.3159998720511794 2.0 
-1351.3159998720511794 3.0 
-1350.3159998720511794 8.0 
-1349.3159998720511794 5.0 
-1348.3159998720511794 4.0 
-1347.3159998720511794 2.0 
-1346.3159998720511794 3.0 
-1345.3159998720511794 1.0 
-1344.3159998720511794 6.0 
-1343.3159998720511794 2.0 
-1342.3159998720511794 1.0 
-1341.3159998720511794 4.0 
-1340.3159998720511794 8.0 
-1339.3159998720511794 5.0 
-1338.3159998720511794 5.0 
-1337.3159998720511794 3.0 
-1336.3159998720511794 1.0 
-1335.3159998720511794 1.0 
-1334.3159998720511794 4.0 
-1333.3159998720511794 3.0 
-1332.3159998720511794 3.0 
-1331.3159998720511794 1.0 
-1330.3159998720511794 5.0 
-1329.3159998720511794 7.0 
-1328.3159998720511794 5.0 
-1327.3159998720511794 2.0 
-1326.3159998720511794 1.0 
-1325.3159998720511794 1.0 
-1324.3159998720511794 0.0 
-1323.3159998720511794 5.0 
-1322.3159998720511794 7.0 
-1321.3159998720511794 4.0 
-1320.3159998720511794 3.0 
-1319.3159998720511794 5.0 
-1318.3159998720511794 0.0 
-1317.3159998720511794 2.0 
-1316.3159998720511794 2.0 
-1315.3159998720511794 2.0 
-1314.3159998720511794 1.0 
-1313.3159998720511794 5.0 
-1312.3159998720511794 8.0 
-1311.3159998720511794 3.0 
-1310.3159998720511794 9.0 
-1309.3159998720511794 5.0 
-1308.3159998720511794 2.0 
-1307.3159998720511794 3.0 
-1306.3159998720511794 0.0 
-1305.3159998720511794 9.0 
-1304.3159998720511794 1.0 
-1303.3159998720511794 8.0 
-1302.3159998720511794 6.0 
-1301.3159998720511794 5.0 
-1300.3159998720511794 1.0 
-1299.3159998720511794 2.0 
-1298.3159998720511794 1.0 
-1297.3159998720511794 4.0 
-1296.3159998720511794 2.0 
-1295.3159998720511794 1.0 
-1294.3159998720511794 3.0 
-1293.3159998720511794 7.0 
-1292.3159998720511794 3.0 
-1291.3159998720511794 7.0 
-1290.3159998720511794 3.0 
-1289.3159998720511794 2.0 
-1288.3159998720511794 2.0 
-1287.3159998720511794 2.0 
-1286.3159998720511794 1.0 
-1285.3159998720511794 4.0 
-1284.3159998720511794 4.0 
-1283.3159998720511794 4.0 
-1282.3159998720511794 5.0 
-1281.3159998720511794 5.0 
-1280.3159998720511794 1.0 
-1279.3159998720511794 3.0 
-1278.3159998720511794 1.0 
-1277.3159998720511794 4.0 
-1276.3159998720511794 3.0 
-1275.3159998720511794 5.0 
-1274.3159998720511794 4.0 
-1273.3159998720511794 6.0 
-1272.3159998720511794 1.0 
-1271.3159998720511794 2.0 
-1270.3159998720511794 2.0 
-1269.3159998720511794 3.0 
-1268.3159998720511794 1.0 
-1267.3159998720511794 1.0 
-1266.3159998720511794 3.0 
-1265.3159998720511794 9.0 
-1264.3159998720511794 1.0 
-1263.3159998720511794 6.0 
-1262.3159998720511794 2.0 
-1261.3159998720511794 1.0 
-1260.3159998720511794 0.0 
-1259.3159998720511794 7.0 
-1258.3159998720511794 3.0 
-1257.3159998720511794 6.0 
-1256.3159998720511794 8.0 
-1255.3159998720511794 6.0 
-1254.3159998720511794 6.0 
-1253.3159998720511794 2.0 
-1252.3159998720511794 1.0 
-1251.3159998720511794 6.0 
-1250.3159998720511794 1.0 
-1249.3159998720511794 2.0 
-1248.3159998720511794 4.0 
-1247.3159998720511794 5.0 
-1246.3159998720511794 9.0 
-1245.3159998720511794 8.0 
-1244.3159998720511794 6.0 
-1243.3159998720511794 3.0 
-1242.3159998720511794 3.0 
-1241.3159998720511794 4.0 
-1240.3159998720511794 4.0 
-1239.3159998720511794 2.0 
-1238.3159998720511794 3.0 
-1237.3159998720511794 10.0 
-1236.3159998720511794 1.0 
-1235.3159998720511794 3.0 
-1234.3159998720511794 2.0 
-1233.3159998720511794 3.0 
-1232.3159998720511794 1.0 
-1231.3159998720511794 2.0 
-1230.3159998720511794 6.0 
-1229.3159998720511794 7.0 
-1228.3159998720511794 5.0 
-1227.3159998720511794 6.0 
-1226.3159998720511794 3.0 
-1225.3159998720511794 2.0 
-1224.3159998720511794 2.0 
-1223.3159998720511794 5.0 
-1222.3159998720511794 3.0 
-1221.3159998720511794 1.0 
-1220.3159998720511794 7.0 
-1219.3159998720511794 3.0 
-1218.3159998720511794 4.0 
-1217.3159998720511794 9.0 
-1216.3159998720511794 7.0 
-1215.3159998720511794 1.0 
-1214.3159998720511794 3.0 
-1213.3159998720511794 3.0 
-1212.3159998720511794 2.0 
-1211.3159998720511794 4.0 
-1210.3159998720511794 3.0 
-1209.3159998720511794 11.0 
-1208.3159998720511794 5.0 
-1207.3159998720511794 3.0 
-1206.3159998720511794 2.0 
-1205.3159998720511794 0.0 
-1204.3159998720511794 4.0 
-1203.3159998720511794 1.0 
-1202.3159998720511794 1.0 
-1201.3159998720511794 3.0 
-1200.3159998720511794 8.0 
-1199.3159998720511794 6.0 
-1198.3159998720511794 6.0 
-1197.3159998720511794 2.0 
-1196.3159998720511794 2.0 
-1195.3159998720511794 5.0 
-1194.3159998720511794 2.0 
-1193.3159998720511794 2.0 
-1192.3159998720511794 7.0 
-1191.3159998720511794 7.0 
-1190.3159998720511794 14.0 
-1189.3159998720511794 8.0 
-1188.3159998720511794 9.0 
-1187.3159998720511794 3.0 
-1186.3159998720511794 2.0 
-1185.3159998720511794 2.0 
-1184.3159998720511794 5.0 
-1183.3159998720511794 3.0 
-1182.3159998720511794 6.0 
-1181.3159998720511794 5.0 
-1180.3159998720511794 6.0 
-1179.3159998720511794 3.0 
-1178.3159998720511794 0.0 
-1177.3159998720511794 1.0 
-1176.3159998720511794 2.0 
-1175.3159998720511794 2.0 
-1174.3159998720511794 2.0 
-1173.3159998720511794 6.0 
-1172.3159998720511794 4.0 
-1171.3159998720511794 5.0 
-1170.3159998720511794 2.0 
-1169.3159998720511794 4.0 
-1168.3159998720511794 0.0 
-1167.3159998720511794 4.0 
-1166.3159998720511794 2.0 
-1165.3159998720511794 0.0 
-1164.3159998720511794 7.0 
-1163.3159998720511794 9.0 
-1162.3159998720511794 10.0 
-1161.3159998720511794 6.0 
-1160.3159998720511794 6.0 
-1159.3159998720511794 2.0 
-1158.3159998720511794 3.0 
-1157.3159998720511794 2.0 
-1156.3159998720511794 3.0 
-1155.3159998720511794 1.0 
-1154.3159998720511794 7.0 
-1153.3159998720511794 10.0 
-1152.3159998720511794 10.0 
-1151.3159998720511794 4.0 
-1150.3159998720511794 3.0 
-1149.3159998720511794 2.0 
-1148.3159998720511794 3.0 
-1147.3159998720511794 4.0 
-1146.3159998720511794 3.0 
-1145.3159998720511794 6.0 
-1144.3159998720511794 5.0 
-1143.3159998720511794 6.0 
-1142.3159998720511794 6.0 
-1141.3159998720511794 4.0 
-1140.3159998720511794 2.0 
-1139.3159998720511794 3.0 
-1138.3159998720511794 1.0 
-1137.3159998720511794 2.0 
-1136.3159998720511794 1.0 
-1135.3159998720511794 8.0 
-1134.3159998720511794 5.0 
-1133.3159998720511794 4.0 
-1132.3159998720511794 2.0 
-1131.3159998720511794 1.0 
-1130.3159998720511794 5.0 
-1129.3159998720511794 0.0 
-1128.3159998720511794 7.0 
-1127.3159998720511794 5.0 
-1126.3159998720511794 8.0 
-1125.3159998720511794 5.0 
-1124.3159998720511794 3.0 
-1123.3159998720511794 1.0 
-1122.3159998720511794 2.0 
-1121.3159998720511794 3.0 
-1120.3159998720511794 5.0 
-1119.3159998720511794 4.0 
-1118.3159998720511794 0.0 
-1117.3159998720511794 6.0 
-1116.3159998720511794 7.0 
-1115.3159998720511794 3.0 
-1114.3159998720511794 3.0 
-1113.3159998720511794 4.0 
-1112.3159998720511794 2.0 
-1111.3159998720511794 2.0 
-1110.3159998720511794 3.0 
-1109.3159998720511794 6.0 
-1108.3159998720511794 4.0 
-1107.3159998720511794 9.0 
-1106.3159998720511794 10.0 
-1105.3159998720511794 3.0 
-1104.3159998720511794 4.0 
-1103.3159998720511794 9.0 
-1102.3159998720511794 1.0 
-1101.3159998720511794 1.0 
-1100.3159998720511794 2.0 
-1099.3159998720511794 3.0 
-1098.3159998720511794 9.0 
-1097.3159998720511794 10.0 
-1096.3159998720511794 4.0 
-1095.3159998720511794 4.0 
-1094.3159998720511794 1.0 
-1093.3159998720511794 0.0 
-1092.3159998720511794 2.0 
-1091.3159998720511794 2.0 
-1090.3159998720511794 5.0 
-1089.3159998720511794 8.0 
-1088.3159998720511794 6.0 
-1087.3159998720511794 4.0 
-1086.3159998720511794 2.0 
-1085.3159998720511794 2.0 
-1084.3159998720511794 1.0 
-1083.3159998720511794 3.0 
-1082.3159998720511794 1.0 
-1081.3159998720511794 2.0 
-1080.3159998720511794 8.0 
-1079.3159998720511794 9.0 
-1078.3159998720511794 6.0 
-1077.3159998720511794 1.0 
-1076.3159998720511794 1.0 
-1075.3159998720511794 1.0 
-1074.3159998720511794 0.0 
-1073.3159998720511794 1.0 
-1072.3159998720511794 0.0 
-1071.3159998720511794 8.0 
-1070.3159998720511794 4.0 
-1069.3159998720511794 8.0 
-1068.3159998720511794 7.0 
-1067.3159998720511794 3.0 
-1066.3159998720511794 0.0 
-1065.3159998720511794 5.0 
-1064.3159998720511794 7.0 
-1063.3159998720511794 1.0 
-1062.3159998720511794 3.0 
-1061.3159998720511794 9.0 
-1060.3159998720511794 4.0 
-1059.3159998720511794 4.0 
-1058.3159998720511794 7.0 
-1057.3159998720511794 2.0 
-1056.3159998720511794 1.0 
-1055.3159998720511794 6.0 
-1054.3159998720511794 3.0 
-1053.3159998720511794 6.0 
-1052.3159998720511794 10.0 
-1051.3159998720511794 6.0 
-1050.3159998720511794 4.0 
-1049.3159998720511794 8.0 
-1048.3159998720511794 3.0 
-1047.3159998720511794 2.0 
-1046.3159998720511794 5.0 
-1045.3159998720511794 4.0 
-1044.3159998720511794 0.0 
-1043.3159998720511794 3.0 
-1042.3159998720511794 2.0 
-1041.3159998720511794 9.0 
-1040.3159998720511794 4.0 
-1039.3159998720511794 4.0 
-1038.3159998720511794 5.0 
-1037.3159998720511794 4.0 
-1036.3159998720511794 2.0 
-1035.3159998720511794 2.0 
-1034.3159998720511794 3.0 
-1033.3159998720511794 11.0 
-1032.3159998720511794 1.0 
-1031.3159998720511794 5.0 
-1030.3159998720511794 6.0 
-1029.3159998720511794 5.0 
-1028.3159998720511794 3.0 
-1027.3159998720511794 9.0 
-1026.3159998720511794 0.0 
-1025.3159998720511794 6.0 
-1024.3159998720511794 12.0 
-1023.3159998720511794 5.0 
-1022.3159998720511794 4.0 
-1021.3159998720511794 4.0 
-1020.3159998720511794 1.0 
-1019.3159998720511794 4.0 
-1018.3159998720511794 4.0 
-1017.3159998720511794 5.0 
-1016.3159998720511794 3.0 
-1015.3159998720511794 3.0 
-1014.3159998720511794 1.0 
-1013.3159998720511794 5.0 
-1012.3159998720511794 4.0 
-1011.3159998720511794 5.0 
-1010.3159998720511794 0.0 
-1009.3159998720511794 1.0 
-1008.3159998720511794 4.0 
-1007.3159998720511794 3.0 
-1006.3159998720511794 4.0 
-1005.3159998720511794 4.0 
-1004.3159998720511794 6.0 
-1003.3159998720511794 8.0 
-1002.3159998720511794 8.0 
-1001.3159998720511794 2.0 
-1000.3159998720511794 0.0 
-999.3159998720511794 3.0 
-998.3159998720511794 2.0 
-997.3159998720511794 2.0 
-996.3159998720511794 8.0 
-995.3159998720511794 12.0 
-994.3159998720511794 7.0 
-993.3159998720511794 10.0 
-992.3159998720511794 0.0 
-991.3159998720511794 1.0 
-990.3159998720511794 3.0 
-989.3159998720511794 0.0 
-988.3159998720511794 1.0 
-987.3159998720511794 5.0 
-986.3159998720511794 6.0 
-985.3159998720511794 7.0 
-984.3159998720511794 2.0 
-983.3159998720511794 0.0 
-982.3159998720511794 1.0 
-981.3159998720511794 5.0 
-980.3159998720511794 3.0 
-979.3159998720511794 2.0 
-978.3159998720511794 2.0 
-977.3159998720511794 8.0 
-976.3159998720511794 3.0 
-975.3159998720511794 5.0 
-974.3159998720511794 3.0 
-973.3159998720511794 1.0 
-972.3159998720511794 3.0 
-971.3159998720511794 5.0 
-970.3159998720511794 3.0 
-969.3159998720511794 8.0 
-968.3159998720511794 4.0 
-967.3159998720511794 8.0 
-966.3159998720511794 9.0 
-965.3159998720511794 3.0 
-964.3159998720511794 4.0 
-963.3159998720511794 2.0 
-962.3159998720511794 5.0 
-961.3159998720511794 3.0 
-960.3159998720511794 3.0 
-959.3159998720511794 12.0 
-958.3159998720511794 4.0 
-957.3159998720511794 4.0 
-956.3159998720511794 4.0 
-955.3159998720511794 2.0 
-954.3159998720511794 1.0 
-953.3159998720511794 3.0 
-952.3159998720511794 6.0 
-951.3159998720511794 1.0 
-950.3159998720511794 11.0 
-949.3159998720511794 5.0 
-948.3159998720511794 10.0 
-947.3159998720511794 6.0 
-946.3159998720511794 5.0 
-945.3159998720511794 1.0 
-944.3159998720511794 4.0 
-943.3159998720511794 6.0 
-942.3159998720511794 8.0 
-941.3159998720511794 1.0 
-940.3159998720511794 3.0 
-939.3159998720511794 3.0 
-938.3159998720511794 3.0 
-937.3159998720511794 5.0 
-936.3159998720511794 2.0 
-935.3159998720511794 5.0 
-934.3159998720511794 2.0 
-933.3159998720511794 2.0 
-932.3159998720511794 1.0 
-931.3159998720511794 5.0 
-930.3159998720511794 8.0 
-929.3159998720511794 8.0 
-928.3159998720511794 5.0 
-927.3159998720511794 5.0 
-926.3159998720511794 3.0 
-925.3159998720511794 6.0 
-924.3159998720511794 1.0 
-923.3159998720511794 4.0 
-922.3159998720511794 7.0 
-921.3159998720511794 3.0 
-920.3159998720511794 9.0 
-919.3159998720511794 3.0 
-918.3159998720511794 3.0 
-917.3159998720511794 3.0 
-916.3159998720511794 2.0 
-915.3159998720511794 4.0 
-914.3159998720511794 2.0 
-913.3159998720511794 4.0 
-912.3159998720511794 5.0 
-911.3159998720511794 9.0 
-910.3159998720511794 6.0 
-909.3159998720511794 9.0 
-908.3159998720511794 3.0 
-907.3159998720511794 3.0 
-906.3159998720511794 3.0 
-905.3159998720511794 8.0 
-904.3159998720511794 7.0 
-903.3159998720511794 10.0 
-902.3159998720511794 12.0 
-901.3159998720511794 8.0 
-900.3159998720511794 1.0 
-899.3159998720511794 1.0 
-898.3159998720511794 5.0 
-897.3159998720511794 5.0 
-896.3159998720511794 1.0 
-895.3159998720511794 3.0 
-894.3159998720511794 5.0 
-893.3159998720511794 10.0 
-892.3159998720511794 5.0 
-891.3159998720511794 8.0 
-890.3159998720511794 1.0 
-889.3159998720511794 3.0 
-888.3159998720511794 4.0 
-887.3159998720511794 2.0 
-886.3159998720511794 2.0 
-885.3159998720511794 5.0 
-884.3159998720511794 7.0 
-883.3159998720511794 4.0 
-882.3159998720511794 9.0 
-881.3159998720511794 5.0 
-880.3159998720511794 4.0 
-879.3159998720511794 4.0 
-878.3159998720511794 3.0 
-877.3159998720511794 2.0 
-876.3159998720511794 3.0 
-875.3159998720511794 6.0 
-874.3159998720511794 11.0 
-873.3159998720511794 4.0 
-872.3159998720511794 7.0 
-871.3159998720511794 2.0 
-870.3159998720511794 2.0 
-869.3159998720511794 2.0 
-868.3159998720511794 0.0 
-867.3159998720511794 2.0 
-866.3159998720511794 4.0 
-865.3159998720511794 7.0 
-864.3159998720511794 8.0 
-863.3159998720511794 7.0 
-862.3159998720511794 4.0 
-861.3159998720511794 1.0 
-860.3159998720511794 3.0 
-859.3159998720511794 4.0 
-858.3159998720511794 4.0 
-857.3159998720511794 5.0 
-856.3159998720511794 16.0 
-855.3159998720511794 10.0 
-854.3159998720511794 7.0 
-853.3159998720511794 5.0 
-852.3159998720511794 2.0 
-851.3159998720511794 3.0 
-850.3159998720511794 0.0 
-849.3159998720511794 5.0 
-848.3159998720511794 4.0 
-847.3159998720511794 5.0 
-846.3159998720511794 5.0 
-845.3159998720511794 4.0 
-844.3159998720511794 6.0 
-843.3159998720511794 1.0 
-842.3159998720511794 5.0 
-841.3159998720511794 4.0 
-840.3159998720511794 0.0 
-839.3159998720511794 1.0 
-838.3159998720511794 6.0 
-837.3159998720511794 11.0 
-836.3159998720511794 7.0 
-835.3159998720511794 7.0 
-834.3159998720511794 4.0 
-833.3159998720511794 1.0 
-832.3159998720511794 2.0 
-831.3159998720511794 3.0 
-830.3159998720511794 2.0 
-829.3159998720511794 6.0 
-828.3159998720511794 9.0 
-827.3159998720511794 7.0 
-826.3159998720511794 6.0 
-825.3159998720511794 1.0 
-824.3159998720511794 4.0 
-823.3159998720511794 4.0 
-822.3159998720511794 3.0 
-821.3159998720511794 1.0 
-820.3159998720511794 3.0 
-819.3159998720511794 5.0 
-818.3159998720511794 9.0 
-817.3159998720511794 11.0 
-816.3159998720511794 1.0 
-815.3159998720511794 1.0 
-814.3159998720511794 6.0 
-813.3159998720511794 4.0 
-812.3159998720511794 2.0 
-811.3159998720511794 7.0 
-810.3159998720511794 9.0 
-809.3159998720511794 6.0 
-808.3159998720511794 7.0 
-807.3159998720511794 7.0 
-806.3159998720511794 4.0 
-805.3159998720511794 4.0 
-804.3159998720511794 4.0 
-803.3159998720511794 2.0 
-802.3159998720511794 2.0 
-801.3159998720511794 3.0 
-800.3159998720511794 9.0 
-799.3159998720511794 6.0 
-798.3159998720511794 4.0 
-797.3159998720511794 3.0 
-796.3159998720511794 0.0 
-795.3159998720511794 4.0 
-794.3159998720511794 2.0 
-793.3159998720511794 0.0 
-792.3159998720511794 7.0 
-791.3159998720511794 4.0 
-790.3159998720511794 5.0 
-789.3159998720511794 8.0 
-788.3159998720511794 5.0 
-787.3159998720511794 3.0 
-786.3159998720511794 3.0 
-785.3159998720511794 2.0 
-784.3159998720511794 2.0 
-783.3159998720511794 6.0 
-782.3159998720511794 7.0 
-781.3159998720511794 8.0 
-780.3159998720511794 4.0 
-779.3159998720511794 5.0 
-778.3159998720511794 0.0 
-777.3159998720511794 3.0 
-776.3159998720511794 2.0 
-775.3159998720511794 2.0 
-774.3159998720511794 0.0 
-773.3159998720511794 8.0 
-772.3159998720511794 9.0 
-771.3159998720511794 12.0 
-770.3159998720511794 2.0 
-769.3159998720511794 3.0 
-768.3159998720511794 2.0 
-767.3159998720511794 2.0 
-766.3159998720511794 2.0 
-765.3159998720511794 3.0 
-764.3159998720511794 6.0 
-763.3159998720511794 6.0 
-762.3159998720511794 5.0 
-761.3159998720511794 6.0 
-760.3159998720511794 4.0 
-759.3159998720511794 2.0 
-758.3159998720511794 3.0 
-757.3159998720511794 1.0 
-756.3159998720511794 5.0 
-755.3159998720511794 5.0 
-754.3159998720511794 2.0 
-753.3159998720511794 9.0 
-752.3159998720511794 6.0 
-751.3159998720511794 4.0 
-750.3159998720511794 3.0 
-749.3159998720511794 4.0 
-748.3159998720511794 1.0 
-747.3159998720511794 1.0 
-746.3159998720511794 4.0 
-745.3159998720511794 5.0 
-744.3159998720511794 5.0 
-743.3159998720511794 4.0 
-742.3159998720511794 2.0 
-741.3159998720511794 2.0 
-740.3159998720511794 2.0 
-739.3159998720511794 3.0 
-738.3159998720511794 0.0 
-737.3159998720511794 6.0 
-736.3159998720511794 9.0 
-735.3159998720511794 6.0 
-734.3159998720511794 3.0 
-733.3159998720511794 5.0 
-732.3159998720511794 3.0 
-731.3159998720511794 2.0 
-730.3159998720511794 3.0 
-729.3159998720511794 2.0 
-728.3159998720511794 5.0 
-727.3159998720511794 5.0 
-726.3159998720511794 5.0 
-725.3159998720511794 5.0 
-724.3159998720511794 9.0 
-723.3159998720511794 2.0 
-722.3159998720511794 1.0 
-721.3159998720511794 4.0 
-720.3159998720511794 5.0 
-719.3159998720511794 2.0 
-718.3159998720511794 1.0 
-717.3159998720511794 6.0 
-716.3159998720511794 4.0 
-715.3159998720511794 7.0 
-714.3159998720511794 4.0 
-713.3159998720511794 2.0 
-712.3159998720511794 1.0 
-711.3159998720511794 2.0 
-710.3159998720511794 4.0 
-709.3159998720511794 2.0 
-708.3159998720511794 3.0 
-707.3159998720511794 7.0 
-706.3159998720511794 4.0 
-705.3159998720511794 6.0 
-704.3159998720511794 2.0 
-703.3159998720511794 3.0 
-702.3159998720511794 3.0 
-701.3159998720511794 0.0 
-700.3159998720511794 2.0 
-699.3159998720511794 7.0 
-698.3159998720511794 4.0 
-697.3159998720511794 8.0 
-696.3159998720511794 4.0 
-695.3159998720511794 3.0 
-694.3159998720511794 2.0 
-693.3159998720511794 1.0 
-692.3159998720511794 4.0 
-691.3159998720511794 2.0 
-690.3159998720511794 4.0 
-689.3159998720511794 10.0 
-688.3159998720511794 4.0 
-687.3159998720511794 8.0 
-686.3159998720511794 4.0 
-685.3159998720511794 3.0 
-684.3159998720511794 4.0 
-683.3159998720511794 3.0 
-682.3159998720511794 4.0 
-681.3159998720511794 1.0 
-680.3159998720511794 6.0 
-679.3159998720511794 8.0 
-678.3159998720511794 3.0 
-677.3159998720511794 3.0 
-676.3159998720511794 1.0 
-675.3159998720511794 1.0 
-674.3159998720511794 3.0 
-673.3159998720511794 7.0 
-672.3159998720511794 1.0 
-671.3159998720511794 1.0 
-670.3159998720511794 7.0 
-669.3159998720511794 15.0 
-668.3159998720511794 9.0 
-667.3159998720511794 5.0 
-666.3159998720511794 2.0 
-665.3159998720511794 2.0 
-664.3159998720511794 3.0 
-663.3159998720511794 4.0 
-662.3159998720511794 3.0 
-661.3159998720511794 7.0 
-660.3159998720511794 9.0 
-659.3159998720511794 8.0 
-658.3159998720511794 3.0 
-657.3159998720511794 2.0 
-656.3159998720511794 3.0 
-655.3159998720511794 2.0 
-654.3159998720511794 3.0 
-653.3159998720511794 2.0 
-652.3159998720511794 4.0 
-651.3159998720511794 3.0 
-650.3159998720511794 5.0 
-649.3159998720511794 3.0 
-648.3159998720511794 2.0 
-647.3159998720511794 0.0 
-646.3159998720511794 2.0 
-645.3159998720511794 2.0 
-644.3159998720511794 3.0 
-643.3159998720511794 1.0 
-642.3159998720511794 4.0 
-641.3159998720511794 3.0 
-640.3159998720511794 5.0 
-639.3159998720511794 2.0 
-638.3159998720511794 3.0 
-637.3159998720511794 2.0 
-636.3159998720511794 5.0 
-635.3159998720511794 4.0 
-634.3159998720511794 9.0 
-633.3159998720511794 11.0 
-632.3159998720511794 3.0 
-631.3159998720511794 4.0 
-630.3159998720511794 6.0 
-629.3159998720511794 3.0 
-628.3159998720511794 3.0 
-627.3159998720511794 2.0 
-626.3159998720511794 3.0 
-625.3159998720511794 5.0 
-624.3159998720511794 7.0 
-623.3159998720511794 12.0 
-622.3159998720511794 9.0 
-621.3159998720511794 4.0 
-620.3159998720511794 3.0 
-619.3159998720511794 1.0 
-618.3159998720511794 4.0 
-617.3159998720511794 4.0 
-616.3159998720511794 6.0 
-615.3159998720511794 3.0 
-614.3159998720511794 4.0 
-613.3159998720511794 5.0 
-612.3159998720511794 8.0 
-611.3159998720511794 3.0 
-610.3159998720511794 4.0 
-609.3159998720511794 1.0 
-608.3159998720511794 4.0 
-607.3159998720511794 3.0 
-606.3159998720511794 7.0 
-605.3159998720511794 6.0 
-604.3159998720511794 8.0 
-603.3159998720511794 9.0 
-602.3159998720511794 10.0 
-601.3159998720511794 3.0 
-600.3159998720511794 3.0 
-599.3159998720511794 3.0 
-598.3159998720511794 3.0 
-597.3159998720511794 4.0 
-596.3159998720511794 6.0 
-595.3159998720511794 5.0 
-594.3159998720511794 7.0 
-593.3159998720511794 4.0 
-592.3159998720511794 0.0 
-591.3159998720511794 3.0 
-590.3159998720511794 1.0 
-589.3159998720511794 3.0 
-588.3159998720511794 2.0 
-587.3159998720511794 5.0 
-586.3159998720511794 5.0 
-585.3159998720511794 3.0 
-584.3159998720511794 5.0 
-583.3159998720511794 4.0 
-582.3159998720511794 3.0 
-581.3159998720511794 1.0 
-580.3159998720511794 1.0 
-579.3159998720511794 3.0 
-578.3159998720511794 5.0 
-577.3159998720511794 6.0 
-576.3159998720511794 8.0 
-575.3159998720511794 4.0 
-574.3159998720511794 7.0 
-573.3159998720511794 4.0 
-572.3159998720511794 0.0 
-571.3159998720511794 3.0 
-570.3159998720511794 4.0 
-569.3159998720511794 3.0 
-568.3159998720511794 6.0 
-567.3159998720511794 8.0 
-566.3159998720511794 7.0 
-565.3159998720511794 10.0 
-564.3159998720511794 4.0 
-563.3159998720511794 3.0 
-562.3159998720511794 3.0 
-561.3159998720511794 2.0 
-560.3159998720511794 9.0 
-559.3159998720511794 5.0 
-558.3159998720511794 6.0 
-557.3159998720511794 6.0 
-556.3159998720511794 7.0 
-555.3159998720511794 2.0 
-554.3159998720511794 1.0 
-553.3159998720511794 2.0 
-552.3159998720511794 1.0 
-551.3159998720511794 1.0 
-550.3159998720511794 4.0 
-549.3159998720511794 7.0 
-548.3159998720511794 7.0 
-547.3159998720511794 7.0 
-546.3159998720511794 3.0 
-545.3159998720511794 1.0 
-544.3159998720511794 3.0 
-543.3159998720511794 3.0 
-542.3159998720511794 3.0 
-541.3159998720511794 8.0 
-540.3159998720511794 9.0 
-539.3159998720511794 9.0 
-538.3159998720511794 7.0 
-537.3159998720511794 6.0 
-536.3159998720511794 2.0 
-535.3159998720511794 7.0 
-534.3159998720511794 4.0 
-533.3159998720511794 6.0 
-532.3159998720511794 3.0 
-531.3159998720511794 9.0 
-530.3159998720511794 7.0 
-529.3159998720511794 2.0 
-528.3159998720511794 6.0 
-527.3159998720511794 3.0 
-526.3159998720511794 1.0 
-525.3159998720511794 3.0 
-524.3159998720511794 5.0 
-523.3159998720511794 1.0 
-522.3159998720511794 5.0 
-521.3159998720511794 7.0 
-520.3159998720511794 7.0 
-519.3159998720511794 6.0 
-518.3159998720511794 2.0 
-517.3159998720511794 1.0 
-516.3159998720511794 2.0 
-515.3159998720511794 3.0 
-514.3159998720511794 2.0 
-513.3159998720511794 7.0 
-512.3159998720511794 9.0 
-511.3159998720511794 6.0 
-510.3159998720511794 8.0 
-509.3159998720511794 1.0 
-508.3159998720511794 1.0 
-507.3159998720511794 4.0 
-506.3159998720511794 2.0 
-505.3159998720511794 2.0 
-504.3159998720511794 5.0 
-503.3159998720511794 7.0 
-502.3159998720511794 11.0 
-501.3159998720511794 5.0 
-500.3159998720511794 5.0 
-499.3159998720511794 3.0 
-498.3159998720511794 3.0 
-497.3159998720511794 5.0 
-496.3159998720511794 5.0 
-495.3159998720511794 1.0 
-494.3159998720511794 6.0 
-493.3159998720511794 0.0 
-492.3159998720511794 9.0 
-491.3159998720511794 7.0 
-490.3159998720511794 3.0 
-489.3159998720511794 1.0 
-488.3159998720511794 4.0 
-487.3159998720511794 2.0 
-486.3159998720511794 3.0 
-485.3159998720511794 2.0 
-484.3159998720511794 8.0 
-483.3159998720511794 7.0 
-482.3159998720511794 7.0 
-481.3159998720511794 6.0 
-480.3159998720511794 1.0 
-479.3159998720511794 4.0 
-478.3159998720511794 5.0 
-477.3159998720511794 7.0 
-476.3159998720511794 7.0 
-475.3159998720511794 6.0 
-474.3159998720511794 11.0 
-473.3159998720511794 7.0 
-472.3159998720511794 7.0 
-471.3159998720511794 0.0 
-470.3159998720511794 3.0 
-469.3159998720511794 3.0 
-468.3159998720511794 0.0 
-467.3159998720511794 1.0 
-466.3159998720511794 10.0 
-465.3159998720511794 6.0 
-464.3159998720511794 7.0 
-463.3159998720511794 5.0 
-462.3159998720511794 2.0 
-461.3159998720511794 2.0 
-460.3159998720511794 3.0 
-459.3159998720511794 3.0 
-458.3159998720511794 7.0 
-457.3159998720511794 6.0 
-456.3159998720511794 12.0 
-455.3159998720511794 5.0 
-454.3159998720511794 5.0 
-453.3159998720511794 4.0 
-452.3159998720511794 0.0 
-451.3159998720511794 3.0 
-450.3159998720511794 3.0 
-449.3159998720511794 3.0 
-448.3159998720511794 2.0 
-447.3159998720511794 8.0 
-446.3159998720511794 8.0 
-445.3159998720511794 5.0 
-444.3159998720511794 4.0 
-443.3159998720511794 2.0 
-442.3159998720511794 4.0 
-441.3159998720511794 6.0 
-440.3159998720511794 3.0 
-439.3159998720511794 3.0 
-438.3159998720511794 7.0 
-437.3159998720511794 5.0 
-436.3159998720511794 7.0 
-435.3159998720511794 8.0 
-434.3159998720511794 4.0 
-433.3159998720511794 3.0 
-432.3159998720511794 1.0 
-431.3159998720511794 3.0 
-430.3159998720511794 3.0 
-429.3159998720511794 4.0 
-428.3159998720511794 12.0 
-427.3159998720511794 7.0 
-426.3159998720511794 4.0 
-425.3159998720511794 2.0 
-424.3159998720511794 1.0 
-423.3159998720511794 3.0 
-422.3159998720511794 3.0 
-421.3159998720511794 2.0 
-420.3159998720511794 6.0 
-419.3159998720511794 8.0 
-418.3159998720511794 3.0 
-417.3159998720511794 8.0 
-416.3159998720511794 3.0 
-415.3159998720511794 3.0 
-414.3159998720511794 2.0 
-413.3159998720511794 1.0 
-412.3159998720511794 0.0 
-411.3159998720511794 1.0 
-410.3159998720511794 4.0 
-409.3159998720511794 2.0 
-408.3159998720511794 2.0 
-407.3159998720511794 1.0 
-406.3159998720511794 3.0 
-405.3159998720511794 5.0 
-404.3159998720511794 4.0 
-403.3159998720511794 3.0 
-402.3159998720511794 1.0 
-401.3159998720511794 5.0 
-400.3159998720511794 4.0 
-399.3159998720511794 9.0 
-398.3159998720511794 4.0 
-397.3159998720511794 1.0 
-396.3159998720511794 3.0 
-395.3159998720511794 1.0 
-394.3159998720511794 4.0 
-393.3159998720511794 4.0 
-392.3159998720511794 3.0 
-391.3159998720511794 2.0 
-390.3159998720511794 8.0 
-389.3159998720511794 6.0 
-388.3159998720511794 5.0 
-387.3159998720511794 4.0 
-386.3159998720511794 3.0 
-385.3159998720511794 4.0 
-384.3159998720511794 4.0 
-383.3159998720511794 5.0 
-382.3159998720511794 5.0 
-381.3159998720511794 5.0 
-380.3159998720511794 7.0 
-379.3159998720511794 8.0 
-378.3159998720511794 4.0 
-377.3159998720511794 2.0 
-376.3159998720511794 0.0 
-375.3159998720511794 5.0 
-374.3159998720511794 0.0 
-373.3159998720511794 5.0 
-372.3159998720511794 4.0 
-371.3159998720511794 4.0 
-370.3159998720511794 4.0 
-369.3159998720511794 4.0 
-368.3159998720511794 4.0 
-367.3159998720511794 1.0 
-366.3159998720511794 1.0 
-365.3159998720511794 1.0 
-364.3159998720511794 5.0 
-363.3159998720511794 11.0 
-362.3159998720511794 2.0 
-361.3159998720511794 3.0 
-360.3159998720511794 0.0 
-359.3159998720511794 1.0 
-358.3159998720511794 0.0 
-357.3159998720511794 5.0 
-356.3159998720511794 4.0 
-355.3159998720511794 7.0 
-354.3159998720511794 5.0 
-353.3159998720511794 5.0 
-352.3159998720511794 4.0 
-351.3159998720511794 2.0 
-350.3159998720511794 3.0 
-349.3159998720511794 5.0 
-348.3159998720511794 7.0 
-347.3159998720511794 2.0 
-346.3159998720511794 4.0 
-345.3159998720511794 3.0 
-344.3159998720511794 2.0 
-343.3159998720511794 3.0 
-342.3159998720511794 5.0 
-341.3159998720511794 6.0 
-340.3159998720511794 7.0 
-339.3159998720511794 4.0 
-338.3159998720511794 6.0 
-337.3159998720511794 8.0 
-336.3159998720511794 3.0 
-335.3159998720511794 7.0 
-334.3159998720511794 7.0 
-333.3159998720511794 4.0 
-332.3159998720511794 4.0 
-331.3159998720511794 2.0 
-330.3159998720511794 2.0 
-329.3159998720511794 3.0 
-328.3159998720511794 3.0 
-327.3159998720511794 3.0 
-326.3159998720511794 6.0 
-325.3159998720511794 4.0 
-324.3159998720511794 9.0 
-323.3159998720511794 4.0 
-322.3159998720511794 5.0 
-321.3159998720511794 6.0 
-320.3159998720511794 4.0 
-319.3159998720511794 2.0 
-318.3159998720511794 3.0 
-317.3159998720511794 6.0 
-316.3159998720511794 3.0 
-315.3159998720511794 3.0 
-314.3159998720511794 3.0 
-313.3159998720511794 3.0 
-312.3159998720511794 3.0 
-311.3159998720511794 2.0 
-310.3159998720511794 1.0 
-309.3159998720511794 0.0 
-308.3159998720511794 7.0 
-307.3159998720511794 8.0 
-306.3159998720511794 6.0 
-305.3159998720511794 1.0 
-304.3159998720511794 2.0 
-303.3159998720511794 4.0 
-302.3159998720511794 1.0 
-301.3159998720511794 3.0 
-300.3159998720511794 3.0 
-299.3159998720511794 5.0 
-298.3159998720511794 8.0 
-297.3159998720511794 4.0 
-296.3159998720511794 8.0 
-295.3159998720511794 3.0 
-294.3159998720511794 0.0 
-293.3159998720511794 3.0 
-292.3159998720511794 2.0 
-291.3159998720511794 3.0 
-290.3159998720511794 2.0 
-289.3159998720511794 6.0 
-288.3159998720511794 8.0 
-287.3159998720511794 3.0 
-286.3159998720511794 2.0 
-285.3159998720511794 3.0 
-284.3159998720511794 1.0 
-283.3159998720511794 0.0 
-282.3159998720511794 1.0 
-281.3159998720511794 1.0 
-280.3159998720511794 13.0 
-279.3159998720511794 4.0 
-278.3159998720511794 4.0 
-277.3159998720511794 6.0 
-276.3159998720511794 2.0 
-275.3159998720511794 0.0 
-274.3159998720511794 2.0 
-273.3159998720511794 1.0 
-272.3159998720511794 2.0 
-271.3159998720511794 3.0 
-270.3159998720511794 6.0 
-269.3159998720511794 2.0 
-268.3159998720511794 6.0 
-267.3159998720511794 3.0 
-266.3159998720511794 0.0 
-265.3159998720511794 5.0 
-264.3159998720511794 4.0 
-263.3159998720511794 3.0 
-262.3159998720511794 2.0 
-261.3159998720511794 2.0 
-260.3159998720511794 2.0 
-259.3159998720511794 8.0 
-258.3159998720511794 4.0 
-257.3159998720511794 3.0 
-256.3159998720511794 2.0 
-255.31599987205117941 6.0 
-254.31599987205117941 3.0 
-253.31599987205117941 4.0 
-252.31599987205117941 4.0 
-251.31599987205117941 2.0 
-250.31599987205117941 10.0 
-249.31599987205117941 4.0 
-248.31599987205117941 1.0 
-247.31599987205117941 0.0 
-246.31599987205117941 1.0 
-245.31599987205117941 4.0 
-244.31599987205117941 6.0 
-243.31599987205117941 3.0 
-242.31599987205117941 6.0 
-241.31599987205117941 9.0 
-240.31599987205117941 5.0 
-239.31599987205117941 1.0 
-238.31599987205117941 4.0 
-237.31599987205117941 3.0 
-236.31599987205117941 4.0 
-235.31599987205117941 3.0 
-234.31599987205117941 5.0 
-233.31599987205117941 5.0 
-232.31599987205117941 7.0 
-231.31599987205117941 7.0 
-230.31599987205117941 5.0 
-229.31599987205117941 1.0 
-228.31599987205117941 6.0 
-227.31599987205117941 3.0 
-226.31599987205117941 3.0 
-225.31599987205117941 3.0 
-224.31599987205117941 5.0 
-223.31599987205117941 6.0 
-222.31599987205117941 6.0 
-221.31599987205117941 4.0 
-220.31599987205117941 4.0 
-219.31599987205117941 4.0 
-218.31599987205117941 1.0 
-217.31599987205117941 2.0 
-216.31599987205117941 4.0 
-215.31599987205117941 2.0 
-214.31599987205117941 8.0 
-213.31599987205117941 5.0 
-212.31599987205117941 4.0 
-211.31599987205117941 7.0 
-210.31599987205117941 1.0 
-209.31599987205117941 2.0 
-208.31599987205117941 6.0 
-207.31599987205117941 2.0 
-206.31599987205117941 5.0 
-205.31599987205117941 11.0 
-204.31599987205117941 8.0 
-203.31599987205117941 8.0 
-202.31599987205117941 3.0 
-201.31599987205117941 1.0 
-200.31599987205117941 4.0 
-199.31599987205117941 3.0 
-198.31599987205117941 4.0 
-197.31599987205117941 2.0 
-196.31599987205117941 2.0 
-195.31599987205117941 4.0 
-194.31599987205117941 1.0 
-193.31599987205117941 5.0 
-192.31599987205117941 1.0 
-191.31599987205117941 1.0 
-190.31599987205117941 1.0 
-189.31599987205117941 1.0 
-188.31599987205117941 3.0 
-187.31599987205117941 5.0 
-186.31599987205117941 2.0 
-185.31599987205117941 4.0 
-184.31599987205117941 6.0 
-183.31599987205117941 2.0 
-182.31599987205117941 4.0 
-181.31599987205117941 6.0 
-180.31599987205117941 3.0 
-179.31599987205117941 1.0 
-178.31599987205117941 4.0 
-177.31599987205117941 8.0 
-176.31599987205117941 6.0 
-175.31599987205117941 7.0 
-174.31599987205117941 4.0 
-173.31599987205117941 3.0 
-172.31599987205117941 0.0 
-171.31599987205117941 4.0 
-170.31599987205117941 1.0 
-169.31599987205117941 1.0 
-168.31599987205117941 10.0 
-167.31599987205117941 5.0 
-166.31599987205117941 6.0 
-165.31599987205117941 7.0 
-164.31599987205117941 2.0 
-163.31599987205117941 2.0 
-162.31599987205117941 4.0 
-161.31599987205117941 3.0 
-160.31599987205117941 6.0 
-159.31599987205117941 6.0 
-158.31599987205117941 4.0 
-157.31599987205117941 7.0 
-156.31599987205117941 5.0 
-155.31599987205117941 4.0 
-154.31599987205117941 0.0 
-153.31599987205117941 6.0 
-152.31599987205117941 2.0 
-151.31599987205117941 8.0 
-150.31599987205117941 5.0 
-149.31599987205117941 8.0 
-148.31599987205117941 10.0 
-147.31599987205117941 7.0 
-146.31599987205117941 3.0 
-145.31599987205117941 2.0 
-144.31599987205117941 3.0 
-143.31599987205117941 3.0 
-142.31599987205117941 2.0 
-141.31599987205117941 3.0 
-140.31599987205117941 6.0 
-139.31599987205117941 9.0 
-138.31599987205117941 4.0 
-137.31599987205117941 5.0 
-136.31599987205117941 0.0 
-135.31599987205117941 7.0 
-134.31599987205117941 5.0 
-133.31599987205117941 5.0 
-132.31599987205117941 7.0 
-131.31599987205117941 10.0 
-130.31599987205117941 1.0 
-129.31599987205117941 5.0 
-128.31599987205117941 6.0 
-127.31599987205117941 3.0 
-126.31599987205117941 5.0 
-125.31599987205117941 3.0 
-124.31599987205117941 4.0 
-123.31599987205117941 5.0 
-122.31599987205117941 5.0 
-121.31599987205117941 5.0 
-120.31599987205117941 9.0 
-119.31599987205117941 4.0 
-118.31599987205117941 4.0 
-117.31599987205117941 1.0 
-116.31599987205117941 2.0 
-115.31599987205117941 5.0 
-114.31599987205117941 4.0 
-113.31599987205117941 6.0 
-112.31599987205117941 6.0 
-111.31599987205117941 11.0 
-110.31599987205117941 4.0 
-109.31599987205117941 5.0 
-108.31599987205117941 0.0 
-107.31599987205117941 3.0 
-106.31599987205117941 4.0 
-105.31599987205117941 3.0 
-104.31599987205117941 1.0 
-103.31599987205117941 8.0 
-102.31599987205117941 8.0 
-101.31599987205117941 5.0 
-100.31599987205117941 9.0 
-99.31599987205117941 3.0 
-98.31599987205117941 4.0 
-97.31599987205117941 2.0 
-96.31599987205117941 1.0 
-95.31599987205117941 6.0 
-94.31599987205117941 7.0 
-93.31599987205117941 10.0 
-92.31599987205117941 4.0 
-91.31599987205117941 11.0 
-90.31599987205117941 5.0 
-89.31599987205117941 0.0 
-88.31599987205117941 4.0 
-87.31599987205117941 3.0 
-86.31599987205117941 4.0 
-85.31599987205117941 5.0 
-84.31599987205117941 6.0 
-83.31599987205117941 6.0 
-82.31599987205117941 11.0 
-81.31599987205117941 6.0 
-80.31599987205117941 2.0 
-79.31599987205117941 4.0 
-78.31599987205117941 5.0 
-77.31599987205117941 1.0 
-76.31599987205117941 0.0 
-75.31599987205117941 6.0 
-74.31599987205117941 12.0 
-73.31599987205117941 6.0 
-72.31599987205117941 6.0 
-71.31599987205117941 4.0 
-70.31599987205117941 3.0 
-69.31599987205117941 3.0 
-68.31599987205117941 0.0 
-67.31599987205117941 6.0 
-66.31599987205117941 6.0 
-65.31599987205117941 6.0 
-64.31599987205117941 8.0 
-63.31599987205117941 9.0 
-62.31599987205117941 5.0 
-61.31599987205117941 3.0 
-60.31599987205117941 1.0 
-59.31599987205117941 3.0 
-58.31599987205117941 4.0 
-57.31599987205117941 1.0 
-56.31599987205117941 6.0 
-55.31599987205117941 7.0 
-54.31599987205117941 8.0 
-53.31599987205117941 3.0 
-52.31599987205117941 2.0 
-51.31599987205117941 2.0 
-50.31599987205117941 6.0 
-49.31599987205117941 5.0 
-48.31599987205117941 3.0 
-47.31599987205117941 6.0 
-46.31599987205117941 6.0 
-45.31599987205117941 5.0 
-44.31599987205117941 5.0 
-43.31599987205117941 3.0 
-42.31599987205117941 4.0 
-41.31599987205117941 3.0 
-40.31599987205117941 2.0 
-39.31599987205117941 4.0 
-38.31599987205117941 12.0 
-37.31599987205117941 7.0 
-36.31599987205117941 1.0 
-35.31599987205117941 10.0 
-34.31599987205117941 0.0 
-33.31599987205117941 2.0 
-32.31599987205117941 3.0 
-31.315999872051179409 2.0 
-30.315999872051179409 0.0 
-29.315999872051179409 3.0 
-28.315999872051179409 7.0 
-27.315999872051179409 6.0 
-26.315999872051179409 3.0 
-25.315999872051179409 2.0 
-24.315999872051179409 5.0 
-23.315999872051179409 2.0 
-22.315999872051179409 2.0 
-21.315999872051179409 1.0 
-20.315999872051179409 4.0 
-19.315999872051179409 4.0 
-18.315999872051179409 4.0 
-17.315999872051179409 3.0 
-16.315999872051179409 3.0 
-15.315999872051179409 1.0 
-14.315999872051179409 0.0 
-13.315999872051179409 2.0 
-12.315999872051179409 3.0 
-11.315999872051179409 2.0 
-10.315999872051179409 6.0 
-9.315999872051179409 6.0 
-8.315999872051179409 6.0 
-7.315999872051179409 4.0 
-6.315999872051179409 2.0 
-5.315999872051179409 2.0 
-4.315999872051179409 3.0 
-3.315999872051179409 3.0 
-2.315999872051179409 5.0 
-1.315999872051179409 5.0 
-0.31599987205117940903 2.0 
0.684000127948820591 4.0 
1.684000127948820591 4.0 
2.684000127948820591 5.0 
3.684000127948820591 2.0 
4.684000127948820591 5.0 
5.684000127948820591 7.0 
6.684000127948820591 3.0 
7.684000127948820591 8.0 
8.684000127948820591 8.0 
9.684000127948820591 5.0 
10.684000127948820591 11.0 
11.684000127948820591 4.0 
12.684000127948820591 3.0 
13.684000127948820591 4.0 
14.684000127948820591 7.0 
15.684000127948820591 7.0 
16.684000127948820591 5.0 
17.684000127948820591 9.0 
18.684000127948820591 5.0 
19.684000127948820591 3.0 
20.684000127948820591 4.0 
21.684000127948820591 0.0 
22.684000127948820591 1.0 
23.684000127948820591 2.0 
24.684000127948820591 1.0 
25.684000127948820591 1.0 
26.684000127948820591 5.0 
27.684000127948820591 7.0 
28.684000127948820591 3.0 
29.684000127948820591 7.0 
30.684000127948820591 3.0 
31.684000127948820591 4.0 
32.68400012794882059 4.0 
33.68400012794882059 5.0 
34.68400012794882059 2.0 
35.68400012794882059 3.0 
36.68400012794882059 7.0 
37.68400012794882059 6.0 
38.68400012794882059 10.0 
39.68400012794882059 6.0 
40.68400012794882059 1.0 
41.68400012794882059 4.0 
42.68400012794882059 5.0 
43.68400012794882059 2.0 
44.68400012794882059 4.0 
45.68400012794882059 8.0 
46.68400012794882059 5.0 
47.68400012794882059 1.0 
48.68400012794882059 3.0 
49.68400012794882059 4.0 
50.68400012794882059 0.0 
51.68400012794882059 2.0 
52.68400012794882059 6.0 
53.68400012794882059 2.0 
54.68400012794882059 8.0 
55.68400012794882059 7.0 
56.68400012794882059 7.0 
57.68400012794882059 3.0 
58.68400012794882059 3.0 
59.68400012794882059 2.0 
60.68400012794882059 3.0 
61.68400012794882059 2.0 
62.68400012794882059 3.0 
63.68400012794882059 4.0 
64.68400012794882059 2.0 
65.68400012794882059 4.0 
66.68400012794882059 6.0 
67.68400012794882059 7.0 
68.68400012794882059 0.0 
69.68400012794882059 3.0 
70.68400012794882059 5.0 
71.68400012794882059 3.0 
72.68400012794882059 4.0 
73.68400012794882059 5.0 
74.68400012794882059 5.0 
75.68400012794882059 6.0 
76.68400012794882059 4.0 
77.68400012794882059 1.0 
78.68400012794882059 4.0 
79.68400012794882059 4.0 
80.68400012794882059 1.0 
81.68400012794882059 1.0 
82.68400012794882059 7.0 
83.68400012794882059 3.0 
84.68400012794882059 2.0 
85.68400012794882059 4.0 
86.68400012794882059 1.0 
87.68400012794882059 1.0 
88.68400012794882059 2.0 
89.68400012794882059 3.0 
90.68400012794882059 4.0 
91.68400012794882059 6.0 
92.68400012794882059 8.0 
93.68400012794882059 6.0 
94.68400012794882059 4.0 
95.68400012794882059 1.0 
96.68400012794882059 3.0 
97.68400012794882059 2.0 
98.68400012794882059 3.0 
99.68400012794882059 4.0 
100.68400012794882059 5.0 
101.68400012794882059 5.0 
102.68400012794882059 5.0 
103.68400012794882059 3.0 
104.68400012794882059 3.0 
105.68400012794882059 2.0 
106.68400012794882059 5.0 
107.68400012794882059 4.0 
108.68400012794882059 2.0 
109.68400012794882059 5.0 
110.68400012794882059 4.0 
111.68400012794882059 6.0 
112.68400012794882059 6.0 
113.68400012794882059 9.0 
114.68400012794882059 6.0 
115.68400012794882059 5.0 
116.68400012794882059 4.0 
117.68400012794882059 6.0 
118.68400012794882059 5.0 
119.68400012794882059 8.0 
120.68400012794882059 9.0 
121.68400012794882059 8.0 
122.68400012794882059 5.0 
123.68400012794882059 2.0 
124.68400012794882059 3.0 
125.68400012794882059 3.0 
126.68400012794882059 2.0 
127.68400012794882059 5.0 
128.68400012794882059 6.0 
129.68400012794882059 6.0 
130.68400012794882059 7.0 
131.68400012794882059 2.0 
132.68400012794882059 3.0 
133.68400012794882059 2.0 
134.68400012794882059 0.0 
135.68400012794882059 5.0 
136.68400012794882059 4.0 
137.68400012794882059 7.0 
138.68400012794882059 2.0 
139.68400012794882059 10.0 
140.68400012794882059 4.0 
141.68400012794882059 4.0 
142.68400012794882059 3.0 
143.68400012794882059 5.0 
144.68400012794882059 5.0 
145.68400012794882059 4.0 
146.68400012794882059 1.0 
147.68400012794882059 5.0 
148.68400012794882059 4.0 
149.68400012794882059 1.0 
150.68400012794882059 5.0 
151.68400012794882059 6.0 
152.68400012794882059 4.0 
153.68400012794882059 1.0 
154.68400012794882059 5.0 
155.68400012794882059 1.0 
156.68400012794882059 5.0 
157.68400012794882059 7.0 
158.68400012794882059 4.0 
159.68400012794882059 5.0 
160.68400012794882059 3.0 
161.68400012794882059 0.0 
162.68400012794882059 4.0 
163.68400012794882059 3.0 
164.68400012794882059 1.0 
165.68400012794882059 5.0 
166.68400012794882059 8.0 
167.68400012794882059 4.0 
168.68400012794882059 5.0 
169.68400012794882059 5.0 
170.68400012794882059 1.0 
171.68400012794882059 4.0 
172.68400012794882059 1.0 
173.68400012794882059 3.0 
174.68400012794882059 3.0 
175.68400012794882059 8.0 
176.68400012794882059 9.0 
177.68400012794882059 4.0 
178.68400012794882059 3.0 
179.68400012794882059 2.0 
180.68400012794882059 3.0 
181.68400012794882059 2.0 
182.68400012794882059 3.0 
183.68400012794882059 1.0 
184.68400012794882059 4.0 
185.68400012794882059 2.0 
186.68400012794882059 3.0 
187.68400012794882059 5.0 
188.68400012794882059 3.0 
189.68400012794882059 0.0 
190.68400012794882059 4.0 
191.68400012794882059 2.0 
192.68400012794882059 2.0 
193.68400012794882059 7.0 
194.68400012794882059 4.0 
195.68400012794882059 5.0 
196.68400012794882059 2.0 
197.68400012794882059 4.0 
198.68400012794882059 0.0 
199.68400012794882059 4.0 
200.68400012794882059 3.0 
201.68400012794882059 4.0 
202.68400012794882059 2.0 
203.68400012794882059 4.0 
204.68400012794882059 8.0 
205.68400012794882059 6.0 
206.68400012794882059 2.0 
207.68400012794882059 1.0 
208.68400012794882059 4.0 
209.68400012794882059 5.0 
210.68400012794882059 5.0 
211.68400012794882059 5.0 
212.68400012794882059 10.0 
213.68400012794882059 10.0 
214.68400012794882059 4.0 
215.68400012794882059 8.0 
216.68400012794882059 1.0 
217.68400012794882059 2.0 
218.68400012794882059 5.0 
219.68400012794882059 5.0 
220.68400012794882059 2.0 
221.68400012794882059 2.0 
222.68400012794882059 8.0 
223.68400012794882059 5.0 
224.68400012794882059 3.0 
225.68400012794882059 2.0 
226.68400012794882059 3.0 
227.68400012794882059 1.0 
228.68400012794882059 4.0 
229.68400012794882059 5.0 
230.68400012794882059 3.0 
231.68400012794882059 6.0 
232.68400012794882059 7.0 
233.68400012794882059 7.0 
234.68400012794882059 3.0 
235.68400012794882059 5.0 
236.68400012794882059 2.0 
237.68400012794882059 4.0 
238.68400012794882059 2.0 
239.68400012794882059 5.0 
240.68400012794882059 10.0 
241.68400012794882059 6.0 
242.68400012794882059 9.0 
243.68400012794882059 7.0 
244.68400012794882059 3.0 
245.68400012794882059 1.0 
246.68400012794882059 2.0 
247.68400012794882059 5.0 
248.68400012794882059 2.0 
249.68400012794882059 7.0 
250.68400012794882059 7.0 
251.68400012794882059 5.0 
252.68400012794882059 4.0 
253.68400012794882059 4.0 
254.68400012794882059 4.0 
255.68400012794882059 3.0 
256.6840001279488206 5.0 
257.6840001279488206 0.0 
258.6840001279488206 4.0 
259.6840001279488206 5.0 
260.6840001279488206 4.0 
261.6840001279488206 2.0 
262.6840001279488206 6.0 
263.6840001279488206 2.0 
264.6840001279488206 3.0 
265.6840001279488206 2.0 
266.6840001279488206 0.0 
267.6840001279488206 4.0 
268.6840001279488206 3.0 
269.6840001279488206 5.0 
270.6840001279488206 9.0 
271.6840001279488206 6.0 
272.6840001279488206 2.0 
273.6840001279488206 2.0 
274.6840001279488206 2.0 
275.6840001279488206 1.0 
276.6840001279488206 2.0 
277.6840001279488206 5.0 
278.6840001279488206 9.0 
279.6840001279488206 4.0 
280.6840001279488206 4.0 
281.6840001279488206 5.0 
282.6840001279488206 2.0 
283.6840001279488206 6.0 
284.6840001279488206 0.0 
285.6840001279488206 3.0 
286.6840001279488206 4.0 
287.6840001279488206 6.0 
288.6840001279488206 8.0 
289.6840001279488206 2.0 
290.6840001279488206 3.0 
291.6840001279488206 3.0 
292.6840001279488206 3.0 
293.6840001279488206 2.0 
294.6840001279488206 3.0 
295.6840001279488206 6.0 
296.6840001279488206 5.0 
297.6840001279488206 3.0 
298.6840001279488206 6.0 
299.6840001279488206 6.0 
300.6840001279488206 3.0 
301.6840001279488206 4.0 
302.6840001279488206 4.0 
303.6840001279488206 3.0 
304.6840001279488206 2.0 
305.6840001279488206 6.0 
306.6840001279488206 8.0 
307.6840001279488206 3.0 
308.6840001279488206 4.0 
309.6840001279488206 3.0 
310.6840001279488206 4.0 
311.6840001279488206 2.0 
312.6840001279488206 4.0 
313.6840001279488206 3.0 
314.6840001279488206 3.0 
315.6840001279488206 5.0 
316.6840001279488206 6.0 
317.6840001279488206 4.0 
318.6840001279488206 5.0 
319.6840001279488206 5.0 
320.6840001279488206 3.0 
321.6840001279488206 2.0 
322.6840001279488206 3.0 
323.6840001279488206 3.0 
324.6840001279488206 8.0 
325.6840001279488206 6.0 
326.6840001279488206 6.0 
327.6840001279488206 8.0 
328.6840001279488206 1.0 
329.6840001279488206 2.0 
330.6840001279488206 2.0 
331.6840001279488206 3.0 
332.6840001279488206 5.0 
333.6840001279488206 4.0 
334.6840001279488206 7.0 
335.6840001279488206 3.0 
336.6840001279488206 9.0 
337.6840001279488206 3.0 
338.6840001279488206 1.0 
339.6840001279488206 3.0 
340.6840001279488206 5.0 
341.6840001279488206 3.0 
342.6840001279488206 4.0 
343.6840001279488206 4.0 
344.6840001279488206 6.0 
345.6840001279488206 4.0 
346.6840001279488206 6.0 
347.6840001279488206 1.0 
348.6840001279488206 5.0 
349.6840001279488206 4.0 
350.6840001279488206 5.0 
351.6840001279488206 8.0 
352.6840001279488206 8.0 
353.6840001279488206 8.0 
354.6840001279488206 3.0 
355.6840001279488206 7.0 
356.6840001279488206 3.0 
357.6840001279488206 1.0 
358.6840001279488206 2.0 
359.6840001279488206 4.0 
360.6840001279488206 4.0 
361.6840001279488206 3.0 
362.6840001279488206 8.0 
363.6840001279488206 5.0 
364.6840001279488206 7.0 
365.6840001279488206 3.0 
366.6840001279488206 3.0 
367.6840001279488206 2.0 
368.6840001279488206 4.0 
369.6840001279488206 4.0 
370.6840001279488206 6.0 
371.6840001279488206 11.0 
372.6840001279488206 4.0 
373.6840001279488206 6.0 
374.6840001279488206 0.0 
375.6840001279488206 3.0 
376.6840001279488206 2.0 
377.6840001279488206 2.0 
378.6840001279488206 0.0 
379.6840001279488206 3.0 
380.6840001279488206 9.0 
381.6840001279488206 7.0 
382.6840001279488206 3.0 
383.6840001279488206 3.0 
384.6840001279488206 0.0 
385.6840001279488206 2.0 
386.6840001279488206 2.0 
387.6840001279488206 2.0 
388.6840001279488206 5.0 
389.6840001279488206 6.0 
390.6840001279488206 6.0 
391.6840001279488206 5.0 
392.6840001279488206 5.0 
393.6840001279488206 1.0 
394.6840001279488206 2.0 
395.6840001279488206 2.0 
396.6840001279488206 2.0 
397.6840001279488206 4.0 
398.6840001279488206 5.0 
399.6840001279488206 9.0 
400.6840001279488206 9.0 
401.6840001279488206 3.0 
402.6840001279488206 2.0 
403.6840001279488206 1.0 
404.6840001279488206 4.0 
405.6840001279488206 4.0 
406.6840001279488206 3.0 
407.6840001279488206 4.0 
408.6840001279488206 6.0 
409.6840001279488206 6.0 
410.6840001279488206 6.0 
411.6840001279488206 6.0 
412.6840001279488206 1.0 
413.6840001279488206 6.0 
414.6840001279488206 6.0 
415.6840001279488206 3.0 
416.6840001279488206 7.0 
417.6840001279488206 6.0 
418.6840001279488206 4.0 
419.6840001279488206 8.0 
420.6840001279488206 4.0 
421.6840001279488206 1.0 
422.6840001279488206 0.0 
423.6840001279488206 4.0 
424.6840001279488206 4.0 
425.6840001279488206 3.0 
426.6840001279488206 5.0 
427.6840001279488206 4.0 
428.6840001279488206 5.0 
429.6840001279488206 5.0 
430.6840001279488206 2.0 
431.6840001279488206 1.0 
432.6840001279488206 7.0 
433.6840001279488206 4.0 
434.6840001279488206 4.0 
435.6840001279488206 6.0 
436.6840001279488206 6.0 
437.6840001279488206 5.0 
438.6840001279488206 5.0 
439.6840001279488206 5.0 
440.6840001279488206 1.0 
441.6840001279488206 5.0 
442.6840001279488206 1.0 
443.6840001279488206 1.0 
444.6840001279488206 5.0 
445.6840001279488206 12.0 
446.6840001279488206 9.0 
447.6840001279488206 5.0 
448.6840001279488206 4.0 
449.6840001279488206 1.0 
450.6840001279488206 2.0 
451.6840001279488206 3.0 
452.6840001279488206 2.0 
453.6840001279488206 1.0 
454.6840001279488206 9.0 
455.6840001279488206 8.0 
456.6840001279488206 7.0 
457.6840001279488206 2.0 
458.6840001279488206 3.0 
459.6840001279488206 1.0 
460.6840001279488206 3.0 
461.6840001279488206 6.0 
462.6840001279488206 2.0 
463.6840001279488206 4.0 
464.6840001279488206 5.0 
465.6840001279488206 6.0 
466.6840001279488206 4.0 
467.6840001279488206 5.0 
468.6840001279488206 3.0 
469.6840001279488206 2.0 
470.6840001279488206 1.0 
471.6840001279488206 2.0 
472.6840001279488206 5.0 
473.6840001279488206 6.0 
474.6840001279488206 7.0 
475.6840001279488206 3.0 
476.6840001279488206 3.0 
477.6840001279488206 1.0 
478.6840001279488206 4.0 
479.6840001279488206 1.0 
480.6840001279488206 3.0 
481.6840001279488206 2.0 
482.6840001279488206 6.0 
483.6840001279488206 7.0 
484.6840001279488206 8.0 
485.6840001279488206 4.0 
486.6840001279488206 4.0 
487.6840001279488206 1.0 
488.6840001279488206 3.0 
489.6840001279488206 2.0 
490.6840001279488206 2.0 
491.6840001279488206 8.0 
492.6840001279488206 10.0 
493.6840001279488206 0.0 
494.6840001279488206 3.0 
495.6840001279488206 4.0 
496.6840001279488206 3.0 
497.6840001279488206 2.0 
498.6840001279488206 2.0 
499.6840001279488206 0.0 
500.6840001279488206 6.0 
501.6840001279488206 5.0 
502.6840001279488206 10.0 
503.6840001279488206 5.0 
504.6840001279488206 6.0 
505.6840001279488206 4.0 
506.6840001279488206 4.0 
507.6840001279488206 1.0 
508.6840001279488206 2.0 
509.6840001279488206 3.0 
510.6840001279488206 8.0 
511.6840001279488206 4.0 
512.6840001279488206 6.0 
513.6840001279488206 4.0 
514.6840001279488206 3.0 
515.6840001279488206 2.0 
516.6840001279488206 5.0 
517.6840001279488206 2.0 
518.6840001279488206 4.0 
519.6840001279488206 9.0 
520.6840001279488206 6.0 
521.6840001279488206 7.0 
522.6840001279488206 5.0 
523.6840001279488206 1.0 
524.6840001279488206 2.0 
525.6840001279488206 4.0 
526.6840001279488206 0.0 
527.6840001279488206 2.0 
528.6840001279488206 6.0 
529.6840001279488206 4.0 
530.6840001279488206 5.0 
531.6840001279488206 1.0 
532.6840001279488206 4.0 
533.6840001279488206 0.0 
534.6840001279488206 2.0 
535.6840001279488206 4.0 
536.6840001279488206 4.0 
537.6840001279488206 4.0 
538.6840001279488206 13.0 
539.6840001279488206 9.0 
540.6840001279488206 11.0 
541.6840001279488206 7.0 
542.6840001279488206 2.0 
543.6840001279488206 3.0 
544.6840001279488206 5.0 
545.6840001279488206 2.0 
546.6840001279488206 6.0 
547.6840001279488206 10.0 
548.6840001279488206 8.0 
549.6840001279488206 4.0 
550.6840001279488206 7.0 
551.6840001279488206 2.0 
552.6840001279488206 1.0 
553.6840001279488206 2.0 
554.6840001279488206 4.0 
555.6840001279488206 3.0 
556.6840001279488206 9.0 
557.6840001279488206 8.0 
558.6840001279488206 1.0 
559.6840001279488206 2.0 
560.6840001279488206 5.0 
561.6840001279488206 0.0 
562.6840001279488206 1.0 
563.6840001279488206 7.0 
564.6840001279488206 2.0 
565.6840001279488206 6.0 
566.6840001279488206 11.0 
567.6840001279488206 7.0 
568.6840001279488206 10.0 
569.6840001279488206 2.0 
570.6840001279488206 1.0 
571.6840001279488206 2.0 
572.6840001279488206 6.0 
573.6840001279488206 2.0 
574.6840001279488206 10.0 
575.6840001279488206 7.0 
576.6840001279488206 8.0 
577.6840001279488206 6.0 
578.6840001279488206 4.0 
579.6840001279488206 2.0 
580.6840001279488206 3.0 
581.6840001279488206 1.0 
582.6840001279488206 4.0 
583.6840001279488206 3.0 
584.6840001279488206 7.0 
585.6840001279488206 8.0 
586.6840001279488206 7.0 
587.6840001279488206 6.0 
588.6840001279488206 4.0 
589.6840001279488206 3.0 
590.6840001279488206 5.0 
591.6840001279488206 5.0 
592.6840001279488206 2.0 
593.6840001279488206 3.0 
594.6840001279488206 5.0 
595.6840001279488206 6.0 
596.6840001279488206 4.0 
597.6840001279488206 2.0 
598.6840001279488206 4.0 
599.6840001279488206 3.0 
600.6840001279488206 2.0 
601.6840001279488206 4.0 
602.6840001279488206 6.0 
603.6840001279488206 6.0 
604.6840001279488206 4.0 
605.6840001279488206 7.0 
606.6840001279488206 7.0 
607.6840001279488206 3.0 
608.6840001279488206 0.0 
609.6840001279488206 1.0 
610.6840001279488206 6.0 
611.6840001279488206 9.0 
612.6840001279488206 7.0 
613.6840001279488206 6.0 
614.6840001279488206 4.0 
615.6840001279488206 7.0 
616.6840001279488206 3.0 
617.6840001279488206 3.0 
618.6840001279488206 3.0 
619.6840001279488206 2.0 
620.6840001279488206 3.0 
621.6840001279488206 5.0 
622.6840001279488206 9.0 
623.6840001279488206 3.0 
624.6840001279488206 6.0 
625.6840001279488206 3.0 
626.6840001279488206 0.0 
627.6840001279488206 1.0 
628.6840001279488206 4.0 
629.6840001279488206 1.0 
630.6840001279488206 9.0 
631.6840001279488206 5.0 
632.6840001279488206 7.0 
633.6840001279488206 5.0 
634.6840001279488206 7.0 
635.6840001279488206 2.0 
636.6840001279488206 1.0 
637.6840001279488206 1.0 
638.6840001279488206 1.0 
639.6840001279488206 2.0 
640.6840001279488206 4.0 
641.6840001279488206 5.0 
642.6840001279488206 9.0 
643.6840001279488206 10.0 
644.6840001279488206 7.0 
645.6840001279488206 1.0 
646.6840001279488206 4.0 
647.6840001279488206 4.0 
648.6840001279488206 4.0 
649.6840001279488206 9.0 
650.6840001279488206 8.0 
651.6840001279488206 7.0 
652.6840001279488206 8.0 
653.6840001279488206 2.0 
654.6840001279488206 2.0 
655.6840001279488206 1.0 
656.6840001279488206 2.0 
657.6840001279488206 0.0 
658.6840001279488206 4.0 
659.6840001279488206 7.0 
660.6840001279488206 8.0 
661.6840001279488206 7.0 
662.6840001279488206 5.0 
663.6840001279488206 2.0 
664.6840001279488206 3.0 
665.6840001279488206 3.0 
666.6840001279488206 2.0 
667.6840001279488206 4.0 
668.6840001279488206 8.0 
669.6840001279488206 13.0 
670.6840001279488206 9.0 
671.6840001279488206 3.0 
672.6840001279488206 4.0 
673.6840001279488206 4.0 
674.6840001279488206 4.0 
675.6840001279488206 6.0 
676.6840001279488206 6.0 
677.6840001279488206 10.0 
678.6840001279488206 5.0 
679.6840001279488206 8.0 
680.6840001279488206 4.0 
681.6840001279488206 1.0 
682.6840001279488206 2.0 
683.6840001279488206 1.0 
684.6840001279488206 0.0 
685.6840001279488206 4.0 
686.6840001279488206 1.0 
687.6840001279488206 9.0 
688.6840001279488206 9.0 
689.6840001279488206 5.0 
690.6840001279488206 1.0 
691.6840001279488206 2.0 
692.6840001279488206 6.0 
693.6840001279488206 1.0 
694.6840001279488206 2.0 
695.6840001279488206 10.0 
696.6840001279488206 4.0 
697.6840001279488206 5.0 
698.6840001279488206 6.0 
699.6840001279488206 4.0 
700.6840001279488206 4.0 
701.6840001279488206 1.0 
702.6840001279488206 2.0 
703.6840001279488206 2.0 
704.6840001279488206 3.0 
705.6840001279488206 9.0 
706.6840001279488206 7.0 
707.6840001279488206 4.0 
708.6840001279488206 4.0 
709.6840001279488206 8.0 
710.6840001279488206 2.0 
711.6840001279488206 1.0 
712.6840001279488206 6.0 
713.6840001279488206 3.0 
714.6840001279488206 3.0 
715.6840001279488206 3.0 
716.6840001279488206 5.0 
717.6840001279488206 7.0 
718.6840001279488206 2.0 
719.6840001279488206 4.0 
720.6840001279488206 3.0 
721.6840001279488206 5.0 
722.6840001279488206 4.0 
723.6840001279488206 6.0 
724.6840001279488206 10.0 
725.6840001279488206 4.0 
726.6840001279488206 8.0 
727.6840001279488206 0.0 
728.6840001279488206 0.0 
729.6840001279488206 3.0 
730.6840001279488206 6.0 
731.6840001279488206 4.0 
732.6840001279488206 4.0 
733.6840001279488206 5.0 
734.6840001279488206 12.0 
735.6840001279488206 1.0 
736.6840001279488206 3.0 
737.6840001279488206 0.0 
738.6840001279488206 1.0 
739.6840001279488206 4.0 
740.6840001279488206 3.0 
741.6840001279488206 3.0 
742.6840001279488206 8.0 
743.6840001279488206 9.0 
744.6840001279488206 4.0 
745.6840001279488206 7.0 
746.6840001279488206 1.0 
747.6840001279488206 3.0 
748.6840001279488206 6.0 
749.6840001279488206 5.0 
750.6840001279488206 0.0 
751.6840001279488206 4.0 
752.6840001279488206 9.0 
753.6840001279488206 8.0 
754.6840001279488206 6.0 
755.6840001279488206 6.0 
756.6840001279488206 5.0 
757.6840001279488206 3.0 
758.6840001279488206 3.0 
759.6840001279488206 3.0 
760.6840001279488206 5.0 
761.6840001279488206 10.0 
762.6840001279488206 9.0 
763.6840001279488206 7.0 
764.6840001279488206 3.0 
765.6840001279488206 2.0 
766.6840001279488206 5.0 
767.6840001279488206 3.0 
768.6840001279488206 4.0 
769.6840001279488206 4.0 
770.6840001279488206 5.0 
771.6840001279488206 7.0 
772.6840001279488206 5.0 
773.6840001279488206 4.0 
774.6840001279488206 2.0 
775.6840001279488206 3.0 
776.6840001279488206 2.0 
777.6840001279488206 2.0 
778.6840001279488206 0.0 
779.6840001279488206 3.0 
780.6840001279488206 7.0 
781.6840001279488206 6.0 
782.6840001279488206 3.0 
783.6840001279488206 3.0 
784.6840001279488206 1.0 
785.6840001279488206 6.0 
786.6840001279488206 3.0 
787.6840001279488206 3.0 
788.6840001279488206 8.0 
789.6840001279488206 5.0 
790.6840001279488206 10.0 
791.6840001279488206 3.0 
792.6840001279488206 1.0 
793.6840001279488206 4.0 
794.6840001279488206 4.0 
795.6840001279488206 7.0 
796.6840001279488206 3.0 
797.6840001279488206 1.0 
798.6840001279488206 3.0 
799.6840001279488206 9.0 
800.6840001279488206 8.0 
801.6840001279488206 3.0 
802.6840001279488206 1.0 
803.6840001279488206 4.0 
804.6840001279488206 2.0 
805.6840001279488206 3.0 
806.6840001279488206 1.0 
807.6840001279488206 4.0 
808.6840001279488206 1.0 
809.6840001279488206 9.0 
810.6840001279488206 4.0 
811.6840001279488206 4.0 
812.6840001279488206 2.0 
813.6840001279488206 4.0 
814.6840001279488206 2.0 
815.6840001279488206 1.0 
816.6840001279488206 7.0 
817.6840001279488206 6.0 
818.6840001279488206 5.0 
819.6840001279488206 8.0 
820.6840001279488206 9.0 
821.6840001279488206 4.0 
822.6840001279488206 0.0 
823.6840001279488206 3.0 
824.6840001279488206 2.0 
825.6840001279488206 6.0 
826.6840001279488206 7.0 
827.6840001279488206 8.0 
828.6840001279488206 6.0 
829.6840001279488206 6.0 
830.6840001279488206 4.0 
831.6840001279488206 3.0 
832.6840001279488206 4.0 
833.6840001279488206 4.0 
834.6840001279488206 3.0 
835.6840001279488206 7.0 
836.6840001279488206 8.0 
837.6840001279488206 3.0 
838.6840001279488206 3.0 
839.6840001279488206 4.0 
840.6840001279488206 3.0 
841.6840001279488206 0.0 
842.6840001279488206 3.0 
843.6840001279488206 4.0 
844.6840001279488206 7.0 
845.6840001279488206 4.0 
846.6840001279488206 5.0 
847.6840001279488206 7.0 
848.6840001279488206 3.0 
849.6840001279488206 0.0 
850.6840001279488206 2.0 
851.6840001279488206 9.0 
852.6840001279488206 5.0 
853.6840001279488206 5.0 
854.6840001279488206 9.0 
855.6840001279488206 8.0 
856.6840001279488206 7.0 
857.6840001279488206 6.0 
858.6840001279488206 4.0 
859.6840001279488206 6.0 
860.6840001279488206 2.0 
861.6840001279488206 4.0 
862.6840001279488206 3.0 
863.6840001279488206 10.0 
864.6840001279488206 9.0 
865.6840001279488206 12.0 
866.6840001279488206 12.0 
867.6840001279488206 5.0 
868.6840001279488206 0.0 
869.6840001279488206 1.0 
870.6840001279488206 5.0 
871.6840001279488206 6.0 
872.6840001279488206 7.0 
873.6840001279488206 8.0 
874.6840001279488206 10.0 
875.6840001279488206 7.0 
876.6840001279488206 4.0 
877.6840001279488206 3.0 
878.6840001279488206 0.0 
879.6840001279488206 2.0 
880.6840001279488206 4.0 
881.6840001279488206 6.0 
882.6840001279488206 7.0 
883.6840001279488206 1.0 
884.6840001279488206 6.0 
885.6840001279488206 6.0 
886.6840001279488206 1.0 
887.6840001279488206 3.0 
888.6840001279488206 2.0 
889.6840001279488206 3.0 
890.6840001279488206 2.0 
891.6840001279488206 9.0 
892.6840001279488206 6.0 
893.6840001279488206 8.0 
894.6840001279488206 4.0 
895.6840001279488206 6.0 
896.6840001279488206 3.0 
897.6840001279488206 2.0 
898.6840001279488206 0.0 
899.6840001279488206 5.0 
900.6840001279488206 4.0 
901.6840001279488206 7.0 
902.6840001279488206 10.0 
903.6840001279488206 3.0 
904.6840001279488206 6.0 
905.6840001279488206 2.0 
906.6840001279488206 5.0 
907.6840001279488206 0.0 
908.6840001279488206 3.0 
909.6840001279488206 2.0 
910.6840001279488206 5.0 
911.6840001279488206 10.0 
912.6840001279488206 3.0 
913.6840001279488206 4.0 
914.6840001279488206 2.0 
915.6840001279488206 0.0 
916.6840001279488206 3.0 
917.6840001279488206 4.0 
918.6840001279488206 4.0 
919.6840001279488206 8.0 
920.6840001279488206 6.0 
921.6840001279488206 5.0 
922.6840001279488206 6.0 
923.6840001279488206 4.0 
924.6840001279488206 1.0 
925.6840001279488206 3.0 
926.6840001279488206 2.0 
927.6840001279488206 3.0 
928.6840001279488206 4.0 
929.6840001279488206 7.0 
930.6840001279488206 5.0 
931.6840001279488206 6.0 
932.6840001279488206 3.0 
933.6840001279488206 0.0 
934.6840001279488206 7.0 
935.6840001279488206 2.0 
936.6840001279488206 3.0 
937.6840001279488206 6.0 
938.6840001279488206 6.0 
939.6840001279488206 5.0 
940.6840001279488206 2.0 
941.6840001279488206 8.0 
942.6840001279488206 3.0 
943.6840001279488206 1.0 
944.6840001279488206 1.0 
945.6840001279488206 6.0 
946.6840001279488206 2.0 
947.6840001279488206 10.0 
948.6840001279488206 6.0 
949.6840001279488206 3.0 
950.6840001279488206 2.0 
951.6840001279488206 2.0 
952.6840001279488206 1.0 
953.6840001279488206 1.0 
954.6840001279488206 6.0 
955.6840001279488206 2.0 
956.6840001279488206 4.0 
957.6840001279488206 7.0 
958.6840001279488206 4.0 
959.6840001279488206 8.0 
960.6840001279488206 5.0 
961.6840001279488206 4.0 
962.6840001279488206 2.0 
963.6840001279488206 5.0 
964.6840001279488206 6.0 
965.6840001279488206 3.0 
966.6840001279488206 4.0 
967.6840001279488206 5.0 
968.6840001279488206 8.0 
969.6840001279488206 3.0 
970.6840001279488206 3.0 
971.6840001279488206 5.0 
972.6840001279488206 4.0 
973.6840001279488206 2.0 
974.6840001279488206 4.0 
975.6840001279488206 8.0 
976.6840001279488206 10.0 
977.6840001279488206 3.0 
978.6840001279488206 4.0 
979.6840001279488206 1.0 
980.6840001279488206 3.0 
981.6840001279488206 0.0 
982.6840001279488206 8.0 
983.6840001279488206 5.0 
984.6840001279488206 5.0 
985.6840001279488206 6.0 
986.6840001279488206 4.0 
987.6840001279488206 13.0 
988.6840001279488206 0.0 
989.6840001279488206 2.0 
990.6840001279488206 2.0 
991.6840001279488206 5.0 
992.6840001279488206 2.0 
993.6840001279488206 6.0 
994.6840001279488206 6.0 
995.6840001279488206 13.0 
996.6840001279488206 9.0 
997.6840001279488206 5.0 
998.6840001279488206 4.0 
999.6840001279488206 3.0 
1000.6840001279488206 3.0 
1001.6840001279488206 3.0 
1002.6840001279488206 7.0 
1003.6840001279488206 8.0 
1004.6840001279488206 6.0 
1005.6840001279488206 12.0 
1006.6840001279488206 2.0 
1007.6840001279488206 2.0 
1008.6840001279488206 3.0 
1009.6840001279488206 4.0 
1010.6840001279488206 4.0 
1011.6840001279488206 5.0 
1012.6840001279488206 6.0 
1013.6840001279488206 6.0 
1014.6840001279488206 5.0 
1015.6840001279488206 8.0 
1016.6840001279488206 0.0 
1017.6840001279488206 0.0 
1018.6840001279488206 2.0 
1019.6840001279488206 3.0 
1020.6840001279488206 4.0 
1021.6840001279488206 7.0 
1022.6840001279488206 5.0 
1023.6840001279488206 2.0 
1024.6840001279488206 3.0 
1025.6840001279488206 8.0 
1026.6840001279488206 3.0 
1027.6840001279488206 1.0 
1028.6840001279488206 3.0 
1029.6840001279488206 2.0 
1030.6840001279488206 7.0 
1031.6840001279488206 7.0 
1032.6840001279488206 9.0 
1033.6840001279488206 6.0 
1034.6840001279488206 2.0 
1035.6840001279488206 3.0 
1036.6840001279488206 1.0 
1037.6840001279488206 5.0 
1038.6840001279488206 3.0 
1039.6840001279488206 4.0 
1040.6840001279488206 8.0 
1041.6840001279488206 5.0 
1042.6840001279488206 9.0 
1043.6840001279488206 4.0 
1044.6840001279488206 1.0 
1045.6840001279488206 4.0 
1046.6840001279488206 3.0 
1047.6840001279488206 6.0 
1048.6840001279488206 2.0 
1049.6840001279488206 6.0 
1050.6840001279488206 10.0 
1051.6840001279488206 8.0 
1052.6840001279488206 5.0 
1053.6840001279488206 0.0 
1054.6840001279488206 2.0 
1055.6840001279488206 2.0 
1056.6840001279488206 3.0 
1057.6840001279488206 2.0 
1058.6840001279488206 3.0 
1059.6840001279488206 7.0 
1060.6840001279488206 7.0 
1061.6840001279488206 6.0 
1062.6840001279488206 3.0 
1063.6840001279488206 3.0 
1064.6840001279488206 4.0 
1065.6840001279488206 2.0 
1066.6840001279488206 4.0 
1067.6840001279488206 3.0 
1068.6840001279488206 4.0 
1069.6840001279488206 4.0 
1070.6840001279488206 4.0 
1071.6840001279488206 6.0 
1072.6840001279488206 3.0 
1073.6840001279488206 5.0 
1074.6840001279488206 2.0 
1075.6840001279488206 3.0 
1076.6840001279488206 1.0 
1077.6840001279488206 3.0 
1078.6840001279488206 8.0 
1079.6840001279488206 6.0 
1080.6840001279488206 9.0 
1081.6840001279488206 1.0 
1082.6840001279488206 0.0 
1083.6840001279488206 1.0 
1084.6840001279488206 4.0 
1085.6840001279488206 5.0 
1086.6840001279488206 7.0 
1087.6840001279488206 10.0 
1088.6840001279488206 8.0 
1089.6840001279488206 7.0 
1090.6840001279488206 3.0 
1091.6840001279488206 4.0 
1092.6840001279488206 2.0 
1093.6840001279488206 1.0 
1094.6840001279488206 2.0 
1095.6840001279488206 1.0 
1096.6840001279488206 9.0 
1097.6840001279488206 4.0 
1098.6840001279488206 2.0 
1099.6840001279488206 1.0 
1100.6840001279488206 0.0 
1101.6840001279488206 2.0 
1102.6840001279488206 3.0 
1103.6840001279488206 5.0 
1104.6840001279488206 3.0 
1105.6840001279488206 4.0 
1106.6840001279488206 6.0 
1107.6840001279488206 4.0 
1108.6840001279488206 3.0 
1109.6840001279488206 1.0 
1110.6840001279488206 4.0 
1111.6840001279488206 5.0 
1112.6840001279488206 1.0 
1113.6840001279488206 8.0 
1114.6840001279488206 2.0 
1115.6840001279488206 6.0 
1116.6840001279488206 4.0 
1117.6840001279488206 6.0 
1118.6840001279488206 2.0 
1119.6840001279488206 1.0 
1120.6840001279488206 2.0 
1121.6840001279488206 0.0 
1122.6840001279488206 3.0 
1123.6840001279488206 3.0 
1124.6840001279488206 13.0 
1125.6840001279488206 11.0 
1126.6840001279488206 7.0 
1127.6840001279488206 4.0 
1128.6840001279488206 2.0 
1129.6840001279488206 4.0 
1130.6840001279488206 0.0 
1131.6840001279488206 2.0 
1132.6840001279488206 6.0 
1133.6840001279488206 4.0 
1134.6840001279488206 5.0 
1135.6840001279488206 8.0 
1136.6840001279488206 3.0 
1137.6840001279488206 3.0 
1138.6840001279488206 2.0 
1139.6840001279488206 4.0 
1140.6840001279488206 3.0 
1141.6840001279488206 2.0 
1142.6840001279488206 10.0 
1143.6840001279488206 11.0 
1144.6840001279488206 7.0 
1145.6840001279488206 6.0 
1146.6840001279488206 3.0 
1147.6840001279488206 1.0 
1148.6840001279488206 5.0 
1149.6840001279488206 2.0 
1150.6840001279488206 4.0 
1151.6840001279488206 6.0 
1152.6840001279488206 6.0 
1153.6840001279488206 6.0 
1154.6840001279488206 9.0 
1155.6840001279488206 2.0 
1156.6840001279488206 3.0 
1157.6840001279488206 3.0 
1158.6840001279488206 1.0 
1159.6840001279488206 4.0 
1160.6840001279488206 5.0 
1161.6840001279488206 7.0 
1162.6840001279488206 6.0 
1163.6840001279488206 7.0 
1164.6840001279488206 3.0 
1165.6840001279488206 0.0 
1166.6840001279488206 2.0 
1167.6840001279488206 3.0 
1168.6840001279488206 2.0 
1169.6840001279488206 2.0 
1170.6840001279488206 4.0 
1171.6840001279488206 10.0 
1172.6840001279488206 3.0 
1173.6840001279488206 7.0 
1174.6840001279488206 1.0 
1175.6840001279488206 1.0 
1176.6840001279488206 3.0 
1177.6840001279488206 1.0 
1178.6840001279488206 7.0 
1179.6840001279488206 7.0 
1180.6840001279488206 8.0 
1181.6840001279488206 3.0 
1182.6840001279488206 9.0 
1183.6840001279488206 6.0 
1184.6840001279488206 3.0 
1185.6840001279488206 2.0 
1186.6840001279488206 2.0 
1187.6840001279488206 4.0 
1188.6840001279488206 6.0 
1189.6840001279488206 10.0 
1190.6840001279488206 9.0 
1191.6840001279488206 5.0 
1192.6840001279488206 7.0 
1193.6840001279488206 1.0 
1194.6840001279488206 4.0 
1195.6840001279488206 1.0 
1196.6840001279488206 4.0 
1197.6840001279488206 2.0 
1198.6840001279488206 6.0 
1199.6840001279488206 12.0 
1200.6840001279488206 3.0 
1201.6840001279488206 3.0 
1202.6840001279488206 4.0 
1203.6840001279488206 4.0 
1204.6840001279488206 5.0 
1205.6840001279488206 3.0 
1206.6840001279488206 4.0 
1207.6840001279488206 9.0 
1208.6840001279488206 9.0 
1209.6840001279488206 6.0 
1210.6840001279488206 8.0 
1211.6840001279488206 2.0 
1212.6840001279488206 3.0 
1213.6840001279488206 1.0 
1214.6840001279488206 2.0 
1215.6840001279488206 4.0 
1216.6840001279488206 3.0 
1217.6840001279488206 6.0 
1218.6840001279488206 8.0 
1219.6840001279488206 3.0 
1220.6840001279488206 2.0 
1221.6840001279488206 0.0 
1222.6840001279488206 4.0 
1223.6840001279488206 1.0 
1224.6840001279488206 5.0 
1225.6840001279488206 6.0 
1226.6840001279488206 6.0 
1227.6840001279488206 3.0 
1228.6840001279488206 12.0 
1229.6840001279488206 8.0 
1230.6840001279488206 2.0 
1231.6840001279488206 3.0 
1232.6840001279488206 4.0 
1233.6840001279488206 2.0 
1234.6840001279488206 4.0 
1235.6840001279488206 4.0 
1236.6840001279488206 6.0 
1237.6840001279488206 9.0 
1238.6840001279488206 6.0 
1239.6840001279488206 2.0 
1240.6840001279488206 2.0 
1241.6840001279488206 4.0 
1242.6840001279488206 5.0 
1243.6840001279488206 7.0 
1244.6840001279488206 9.0 
1245.6840001279488206 4.0 
1246.6840001279488206 5.0 
1247.6840001279488206 7.0 
1248.6840001279488206 7.0 
1249.6840001279488206 0.0 
1250.6840001279488206 3.0 
1251.6840001279488206 4.0 
1252.6840001279488206 5.0 
1253.6840001279488206 2.0 
1254.6840001279488206 4.0 
1255.6840001279488206 10.0 
1256.6840001279488206 8.0 
1257.6840001279488206 1.0 
1258.6840001279488206 0.0 
1259.6840001279488206 3.0 
1260.6840001279488206 3.0 
1261.6840001279488206 1.0 
1262.6840001279488206 4.0 
1263.6840001279488206 6.0 
1264.6840001279488206 10.0 
1265.6840001279488206 4.0 
1266.6840001279488206 10.0 
1267.6840001279488206 0.0 
1268.6840001279488206 3.0 
1269.6840001279488206 1.0 
1270.6840001279488206 2.0 
1271.6840001279488206 3.0 
1272.6840001279488206 5.0 
1273.6840001279488206 7.0 
1274.6840001279488206 12.0 
1275.6840001279488206 12.0 
1276.6840001279488206 3.0 
1277.6840001279488206 2.0 
1278.6840001279488206 1.0 
1279.6840001279488206 1.0 
1280.6840001279488206 2.0 
1281.6840001279488206 4.0 
1282.6840001279488206 4.0 
1283.6840001279488206 13.0 
1284.6840001279488206 5.0 
1285.6840001279488206 5.0 
1286.6840001279488206 1.0 
1287.6840001279488206 1.0 
1288.6840001279488206 1.0 
1289.6840001279488206 3.0 
1290.6840001279488206 0.0 
1291.6840001279488206 1.0 
1292.6840001279488206 6.0 
1293.6840001279488206 7.0 
1294.6840001279488206 4.0 
1295.6840001279488206 2.0 
1296.6840001279488206 1.0 
1297.6840001279488206 4.0 
1298.6840001279488206 2.0 
1299.6840001279488206 2.0 
1300.6840001279488206 1.0 
1301.6840001279488206 8.0 
1302.6840001279488206 7.0 
1303.6840001279488206 7.0 
1304.6840001279488206 3.0 
1305.6840001279488206 1.0 
1306.6840001279488206 3.0 
1307.6840001279488206 4.0 
1308.6840001279488206 3.0 
1309.6840001279488206 5.0 
1310.6840001279488206 5.0 
1311.6840001279488206 6.0 
1312.6840001279488206 4.0 
1313.6840001279488206 3.0 
1314.6840001279488206 1.0 
1315.6840001279488206 4.0 
1316.6840001279488206 3.0 
1317.6840001279488206 3.0 
1318.6840001279488206 6.0 
1319.6840001279488206 4.0 
1320.6840001279488206 8.0 
1321.6840001279488206 9.0 
1322.6840001279488206 9.0 
1323.6840001279488206 3.0 
1324.6840001279488206 3.0 
1325.6840001279488206 2.0 
1326.6840001279488206 2.0 
1327.6840001279488206 1.0 
1328.6840001279488206 8.0 
1329.6840001279488206 5.0 
1330.6840001279488206 10.0 
1331.6840001279488206 6.0 
1332.6840001279488206 6.0 
1333.6840001279488206 0.0 
1334.6840001279488206 4.0 
1335.6840001279488206 8.0 
1336.6840001279488206 1.0 
1337.6840001279488206 7.0 
1338.6840001279488206 6.0 
1339.6840001279488206 4.0 
1340.6840001279488206 3.0 
1341.6840001279488206 5.0 
1342.6840001279488206 5.0 
1343.6840001279488206 6.0 
1344.6840001279488206 3.0 
1345.6840001279488206 6.0 
1346.6840001279488206 6.0 
1347.6840001279488206 8.0 
1348.6840001279488206 8.0 
1349.6840001279488206 7.0 
1350.6840001279488206 3.0 
1351.6840001279488206 1.0 
1352.6840001279488206 4.0 
1353.6840001279488206 3.0 
1354.6840001279488206 2.0 
1355.6840001279488206 0.0 
1356.6840001279488206 3.0 
1357.6840001279488206 5.0 
1358.6840001279488206 4.0 
1359.6840001279488206 7.0 
1360.6840001279488206 4.0 
1361.6840001279488206 1.0 
1362.6840001279488206 2.0 
1363.6840001279488206 1.0 
1364.6840001279488206 0.0 
1365.6840001279488206 4.0 
1366.6840001279488206 6.0 
1367.6840001279488206 5.0 
1368.6840001279488206 4.0 
1369.6840001279488206 4.0 
1370.6840001279488206 2.0 
1371.6840001279488206 3.0 
1372.6840001279488206 2.0 
1373.6840001279488206 1.0 
1374.6840001279488206 4.0 
1375.6840001279488206 9.0 
1376.6840001279488206 5.0 
1377.6840001279488206 7.0 
1378.6840001279488206 8.0 
1379.6840001279488206 1.0 
1380.6840001279488206 3.0 
1381.6840001279488206 3.0 
1382.6840001279488206 3.0 
1383.6840001279488206 6.0 
1384.6840001279488206 4.0 
1385.6840001279488206 4.0 
1386.6840001279488206 6.0 
1387.6840001279488206 6.0 
1388.6840001279488206 3.0 
1389.6840001279488206 3.0 
1390.6840001279488206 3.0 
1391.6840001279488206 3.0 
1392.6840001279488206 3.0 
1393.6840001279488206 2.0 
1394.6840001279488206 6.0 
1395.6840001279488206 2.0 
1396.6840001279488206 5.0 
1397.6840001279488206 2.0 
1398.6840001279488206 2.0 
1399.6840001279488206 3.0 
1400.6840001279488206 4.0 
1401.6840001279488206 1.0 
1402.6840001279488206 3.0 
1403.6840001279488206 4.0 
1404.6840001279488206 5.0 
1405.6840001279488206 5.0 
1406.6840001279488206 5.0 
1407.6840001279488206 0.0 
1408.6840001279488206 4.0 
1409.6840001279488206 0.0 
1410.6840001279488206 5.0 
1411.6840001279488206 4.0 
1412.6840001279488206 10.0 
1413.6840001279488206 5.0 
1414.6840001279488206 9.0 
1415.6840001279488206 3.0 
1416.6840001279488206 1.0 
1417.6840001279488206 4.0 
1418.6840001279488206 7.0 
1419.6840001279488206 2.0 
1420.6840001279488206 2.0 
1421.6840001279488206 3.0 
1422.6840001279488206 8.0 
1423.6840001279488206 6.0 
1424.6840001279488206 5.0 
1425.6840001279488206 9.0 
1426.6840001279488206 2.0 
1427.6840001279488206 7.0 
1428.6840001279488206 3.0 
1429.6840001279488206 4.0 
1430.6840001279488206 6.0 
1431.6840001279488206 12.0 
1432.6840001279488206 4.0 
1433.6840001279488206 7.0 
1434.6840001279488206 6.0 
1435.6840001279488206 2.0 
1436.6840001279488206 6.0 
1437.6840001279488206 4.0 
1438.6840001279488206 3.0 
1439.6840001279488206 9.0 
1440.6840001279488206 4.0 
1441.6840001279488206 8.0 
1442.6840001279488206 5.0 
1443.6840001279488206 10.0 
1444.6840001279488206 3.0 
1445.6840001279488206 1.0 
1446.6840001279488206 3.0 
1447.6840001279488206 3.0 
1448.6840001279488206 4.0 
1449.6840001279488206 7.0 
1450.6840001279488206 10.0 
1451.6840001279488206 5.0 
1452.6840001279488206 6.0 
1453.6840001279488206 2.0 
1454.6840001279488206 3.0 
1455.6840001279488206 3.0 
1456.6840001279488206 3.0 
1457.6840001279488206 6.0 
1458.6840001279488206 5.0 
1459.6840001279488206 9.0 
1460.6840001279488206 10.0 
1461.6840001279488206 11.0 
1462.6840001279488206 2.0 
1463.6840001279488206 5.0 
1464.6840001279488206 6.0 
1465.6840001279488206 5.0 
1466.6840001279488206 3.0 
1467.6840001279488206 7.0 
1468.6840001279488206 10.0 
1469.6840001279488206 12.0 
1470.6840001279488206 6.0 
1471.6840001279488206 3.0 
1472.6840001279488206 0.0 
1473.6840001279488206 3.0 
1474.6840001279488206 8.0 
1475.6840001279488206 3.0 
1476.6840001279488206 4.0 
1477.6840001279488206 13.0 
1478.6840001279488206 12.0 
1479.6840001279488206 7.0 
1480.6840001279488206 2.0 
1481.6840001279488206 5.0 
1482.6840001279488206 2.0 
1483.6840001279488206 6.0 
1484.6840001279488206 4.0 
1485.6840001279488206 4.0 
1486.6840001279488206 12.0 
1487.6840001279488206 4.0 
1488.6840001279488206 4.0 
1489.6840001279488206 6.0 
1490.6840001279488206 9.0 
1491.6840001279488206 3.0 
1492.6840001279488206 2.0 
1493.6840001279488206 4.0 
1494.6840001279488206 4.0 
1495.6840001279488206 8.0 
1496.6840001279488206 8.0 
1497.6840001279488206 4.0 
1498.6840001279488206 4.0 
1499.6840001279488206 6.0 
1500.6840001279488206 2.0 
1501.6840001279488206 3.0 
1502.6840001279488206 2.0 
1503.6840001279488206 2.0 
1504.6840001279488206 1.0 
1505.6840001279488206 4.0 
1506.6840001279488206 7.0 
1507.6840001279488206 4.0 
1508.6840001279488206 5.0 
1509.6840001279488206 2.0 
1510.6840001279488206 1.0 
1511.6840001279488206 1.0 
1512.6840001279488206 2.0 
1513.6840001279488206 4.0 
1514.6840001279488206 1.0 
1515.6840001279488206 6.0 
1516.6840001279488206 6.0 
1517.6840001279488206 6.0 
1518.6840001279488206 2.0 
1519.6840001279488206 4.0 
1520.6840001279488206 2.0 
1521.6840001279488206 3.0 
1522.6840001279488206 2.0 
1523.6840001279488206 5.0 
1524.6840001279488206 5.0 
1525.6840001279488206 2.0 
1526.6840001279488206 4.0 
1527.6840001279488206 3.0 
1528.6840001279488206 2.0 
1529.6840001279488206 3.0 
1530.6840001279488206 4.0 
1531.6840001279488206 5.0 
1532.6840001279488206 5.0 
1533.6840001279488206 8.0 
1534.6840001279488206 6.0 
1535.6840001279488206 8.0 
1536.6840001279488206 2.0 
1537.6840001279488206 4.0 
1538.6840001279488206 2.0 
1539.6840001279488206 4.0 
1540.6840001279488206 6.0 
1541.6840001279488206 2.0 
1542.6840001279488206 5.0 
1543.6840001279488206 5.0 
1544.6840001279488206 5.0 
1545.6840001279488206 4.0 
1546.6840001279488206 3.0 
1547.6840001279488206 2.0 
1548.6840001279488206 3.0 
1549.6840001279488206 7.0 
1550.6840001279488206 3.0 
1551.6840001279488206 1.0 
1552.6840001279488206 8.0 
1553.6840001279488206 11.0 
1554.6840001279488206 3.0 
1555.6840001279488206 4.0 
1556.6840001279488206 9.0 
1557.6840001279488206 6.0 
1558.6840001279488206 4.0 
1559.6840001279488206 5.0 
1560.6840001279488206 4.0 
1561.6840001279488206 9.0 
1562.6840001279488206 6.0 
1563.6840001279488206 6.0 
1564.6840001279488206 5.0 
1565.6840001279488206 2.0 
1566.6840001279488206 1.0 
1567.6840001279488206 7.0 
1568.6840001279488206 2.0 
1569.6840001279488206 5.0 
1570.6840001279488206 8.0 
1571.6840001279488206 11.0 
1572.6840001279488206 9.0 
1573.6840001279488206 7.0 
1574.6840001279488206 1.0 
1575.6840001279488206 1.0 
1576.6840001279488206 6.0 
1577.6840001279488206 5.0 
1578.6840001279488206 1.0 
1579.6840001279488206 4.0 
1580.6840001279488206 7.0 
1581.6840001279488206 5.0 
1582.6840001279488206 7.0 
1583.6840001279488206 6.0 
1584.6840001279488206 3.0 
1585.6840001279488206 1.0 
1586.6840001279488206 2.0 
1587.6840001279488206 3.0 
1588.6840001279488206 11.0 
1589.6840001279488206 6.0 
1590.6840001279488206 8.0 
1591.6840001279488206 6.0 
1592.6840001279488206 3.0 
1593.6840001279488206 6.0 
1594.6840001279488206 2.0 
1595.6840001279488206 3.0 
1596.6840001279488206 2.0 
1597.6840001279488206 2.0 
1598.6840001279488206 6.0 
1599.6840001279488206 6.0 
1600.6840001279488206 3.0 
1601.6840001279488206 2.0 
1602.6840001279488206 3.0 
1603.6840001279488206 2.0 
1604.6840001279488206 1.0 
1605.6840001279488206 6.0 
1606.6840001279488206 2.0 
1607.6840001279488206 8.0 
1608.6840001279488206 7.0 
1609.6840001279488206 10.0 
1610.6840001279488206 5.0 
1611.6840001279488206 3.0 
1612.6840001279488206 2.0 
1613.6840001279488206 4.0 
1614.6840001279488206 1.0 
1615.6840001279488206 6.0 
1616.6840001279488206 3.0 
1617.6840001279488206 8.0 
1618.6840001279488206 10.0 
1619.6840001279488206 5.0 
1620.6840001279488206 2.0 
1621.6840001279488206 2.0 
1622.6840001279488206 7.0 
1623.6840001279488206 2.0 
1624.6840001279488206 3.0 
1625.6840001279488206 3.0 
1626.6840001279488206 10.0 
1627.6840001279488206 3.0 
1628.6840001279488206 5.0 
1629.6840001279488206 2.0 
1630.6840001279488206 2.0 
1631.6840001279488206 2.0 
1632.6840001279488206 4.0 
1633.6840001279488206 1.0 
1634.6840001279488206 4.0 
1635.6840001279488206 1.0 
1636.6840001279488206 8.0 
1637.6840001279488206 8.0 
1638.6840001279488206 7.0 
1639.6840001279488206 3.0 
1640.6840001279488206 3.0 
1641.6840001279488206 4.0 
1642.6840001279488206 1.0 
1643.6840001279488206 1.0 
1644.6840001279488206 7.0 
1645.6840001279488206 5.0 
1646.6840001279488206 7.0 
1647.6840001279488206 5.0 
1648.6840001279488206 2.0 
1649.6840001279488206 0.0 
1650.6840001279488206 1.0 
1651.6840001279488206 1.0 
1652.6840001279488206 0.0 
1653.6840001279488206 2.0 
1654.6840001279488206 8.0 
1655.6840001279488206 5.0 
1656.6840001279488206 4.0 
1657.6840001279488206 5.0 
1658.6840001279488206 2.0 
1659.6840001279488206 3.0 
1660.6840001279488206 5.0 
1661.6840001279488206 1.0 
1662.6840001279488206 6.0 
1663.6840001279488206 5.0 
1664.6840001279488206 7.0 
1665.6840001279488206 8.0 
1666.6840001279488206 0.0 
1667.6840001279488206 2.0 
1668.6840001279488206 4.0 
1669.6840001279488206 6.0 
1670.6840001279488206 4.0 
1671.6840001279488206 6.0 
1672.6840001279488206 4.0 
1673.6840001279488206 6.0 
1674.6840001279488206 4.0 
1675.6840001279488206 2.0 
1676.6840001279488206 1.0 
1677.6840001279488206 3.0 
1678.6840001279488206 0.0 
1679.6840001279488206 5.0 
1680.6840001279488206 2.0 
1681.6840001279488206 4.0 
1682.6840001279488206 7.0 
1683.6840001279488206 3.0 
1684.6840001279488206 5.0 
1685.6840001279488206 6.0 
1686.6840001279488206 3.0 
1687.6840001279488206 0.0 
1688.6840001279488206 3.0 
1689.6840001279488206 1.0 
1690.6840001279488206 5.0 
1691.6840001279488206 2.0 
1692.6840001279488206 1.0 
1693.6840001279488206 4.0 
1694.6840001279488206 3.0 
1695.6840001279488206 3.0 
1696.6840001279488206 2.0 
1697.6840001279488206 2.0 
1698.6840001279488206 2.0 
1699.6840001279488206 2.0 
1700.6840001279488206 3.0 
1701.6840001279488206 7.0 
1702.6840001279488206 2.0 
1703.6840001279488206 2.0 
1704.6840001279488206 3.0 
1705.6840001279488206 2.0 
1706.6840001279488206 2.0 
1707.6840001279488206 2.0 
1708.6840001279488206 3.0 
1709.6840001279488206 3.0 
1710.6840001279488206 6.0 
1711.6840001279488206 10.0 
1712.6840001279488206 11.0 
1713.6840001279488206 5.0 
1714.6840001279488206 3.0 
1715.6840001279488206 3.0 
1716.6840001279488206 3.0 
1717.6840001279488206 3.0 
1718.6840001279488206 4.0 
1719.6840001279488206 5.0 
1720.6840001279488206 8.0 
1721.6840001279488206 3.0 
1722.6840001279488206 3.0 
1723.6840001279488206 1.0 
1724.6840001279488206 2.0 
1725.6840001279488206 2.0 
1726.6840001279488206 7.0 
1727.6840001279488206 4.0 
1728.6840001279488206 3.0 
1729.6840001279488206 4.0 
1730.6840001279488206 8.0 
1731.6840001279488206 7.0 
1732.6840001279488206 5.0 
1733.6840001279488206 3.0 
1734.6840001279488206 7.0 
1735.6840001279488206 5.0 
1736.6840001279488206 3.0 
1737.6840001279488206 5.0 
1738.6840001279488206 4.0 
1739.6840001279488206 9.0 
1740.6840001279488206 3.0 
1741.6840001279488206 1.0 
1742.6840001279488206 2.0 
1743.6840001279488206 3.0 
1744.6840001279488206 3.0 
1745.6840001279488206 2.0 
1746.6840001279488206 6.0 
1747.6840001279488206 5.0 
1748.6840001279488206 9.0 
1749.6840001279488206 4.0 
1750.6840001279488206 11.0 
1751.6840001279488206 0.0 
1752.6840001279488206 2.0 
1753.6840001279488206 2.0 
1754.6840001279488206 5.0 
1755.6840001279488206 4.0 
1756.6840001279488206 3.0 
1757.6840001279488206 5.0 
1758.6840001279488206 4.0 
1759.6840001279488206 7.0 
1760.6840001279488206 3.0 
1761.6840001279488206 1.0 
1762.6840001279488206 3.0 
1763.6840001279488206 1.0 
1764.6840001279488206 2.0 
1765.6840001279488206 3.0 
1766.6840001279488206 5.0 
1767.6840001279488206 2.0 
1768.6840001279488206 7.0 
1769.6840001279488206 5.0 
1770.6840001279488206 1.0 
1771.6840001279488206 3.0 
1772.6840001279488206 3.0 
1773.6840001279488206 1.0 
1774.6840001279488206 6.0 
1775.6840001279488206 2.0 
1776.6840001279488206 10.0 
1777.6840001279488206 9.0 
1778.6840001279488206 8.0 
1779.6840001279488206 2.0 
1780.6840001279488206 1.0 
1781.6840001279488206 2.0 
1782.6840001279488206 2.0 
1783.6840001279488206 3.0 
1784.6840001279488206 9.0 
1785.6840001279488206 8.0 
1786.6840001279488206 2.0 
1787.6840001279488206 5.0 
1788.6840001279488206 3.0 
1789.6840001279488206 0.0 
1790.6840001279488206 1.0 
1791.6840001279488206 4.0 
1792.6840001279488206 4.0 
1793.6840001279488206 4.0 
1794.6840001279488206 8.0 
1795.6840001279488206 9.0 
1796.6840001279488206 8.0 
1797.6840001279488206 0.0 
1798.6840001279488206 2.0 
1799.6840001279488206 2.0 
1800.6840001279488206 1.0 
1801.6840001279488206 2.0 
1802.6840001279488206 6.0 
1803.6840001279488206 7.0 
1804.6840001279488206 3.0 
1805.6840001279488206 6.0 
1806.6840001279488206 3.0 
1807.6840001279488206 3.0 
1808.6840001279488206 2.0 
1809.6840001279488206 1.0 
1810.6840001279488206 8.0 
1811.6840001279488206 4.0 
1812.6840001279488206 6.0 
1813.6840001279488206 6.0 
1814.6840001279488206 3.0 
1815.6840001279488206 6.0 
1816.6840001279488206 1.0 
1817.6840001279488206 3.0 
1818.6840001279488206 3.0 
1819.6840001279488206 0.0 
1820.6840001279488206 1.0 
1821.6840001279488206 9.0 
1822.6840001279488206 3.0 
1823.6840001279488206 5.0 
1824.6840001279488206 3.0 
1825.6840001279488206 0.0 
1826.6840001279488206 1.0 
1827.6840001279488206 6.0 
1828.6840001279488206 1.0 
1829.6840001279488206 2.0 
1830.6840001279488206 9.0 
1831.6840001279488206 6.0 
1832.6840001279488206 8.0 
1833.6840001279488206 5.0 
1834.6840001279488206 3.0 
1835.6840001279488206 2.0 
1836.6840001279488206 2.0 
1837.6840001279488206 1.0 
1838.6840001279488206 3.0 
1839.6840001279488206 2.0 
1840.6840001279488206 7.0 
1841.6840001279488206 6.0 
1842.6840001279488206 2.0 
1843.6840001279488206 0.0 
1844.6840001279488206 0.0 
1845.6840001279488206 1.0 
1846.6840001279488206 1.0 
1847.6840001279488206 5.0 
1848.6840001279488206 6.0 
1849.6840001279488206 8.0 
1850.6840001279488206 4.0 
1851.6840001279488206 4.0 
1852.6840001279488206 3.0 
1853.6840001279488206 3.0 
1854.6840001279488206 2.0 
1855.6840001279488206 2.0 
1856.6840001279488206 1.0 
1857.6840001279488206 4.0 
1858.6840001279488206 3.0 
1859.6840001279488206 9.0 
1860.6840001279488206 4.0 
1861.6840001279488206 4.0 
1862.6840001279488206 5.0 
1863.6840001279488206 1.0 
1864.6840001279488206 3.0 
1865.6840001279488206 6.0 
1866.6840001279488206 3.0 
1867.6840001279488206 3.0 
1868.6840001279488206 6.0 
1869.6840001279488206 8.0 
1870.6840001279488206 7.0 
1871.6840001279488206 4.0 
1872.6840001279488206 0.0 
1873.6840001279488206 3.0 
1874.6840001279488206 0.0 
1875.6840001279488206 2.0 
1876.6840001279488206 1.0 
1877.6840001279488206 7.0 
1878.6840001279488206 8.0 
1879.6840001279488206 2.0 
1880.6840001279488206 6.0 
1881.6840001279488206 5.0 
1882.6840001279488206 2.0 
1883.6840001279488206 6.0 
1884.6840001279488206 3.0 
1885.6840001279488206 2.0 
1886.6840001279488206 4.0 
1887.6840001279488206 6.0 
1888.6840001279488206 4.0 
1889.6840001279488206 2.0 
1890.6840001279488206 2.0 
1891.6840001279488206 2.0 
1892.6840001279488206 2.0 
1893.6840001279488206 2.0 
1894.6840001279488206 2.0 
1895.6840001279488206 3.0 
1896.6840001279488206 4.0 
1897.6840001279488206 2.0 
1898.6840001279488206 7.0 
1899.6840001279488206 0.0 
1900.6840001279488206 5.0 
1901.6840001279488206 2.0 
1902.6840001279488206 3.0 
1903.6840001279488206 5.0 
1904.6840001279488206 3.0 
1905.6840001279488206 13.0 
1906.6840001279488206 2.0 
1907.6840001279488206 6.0 
1908.6840001279488206 5.0 
1909.6840001279488206 2.0 
1910.6840001279488206 4.0 
1911.6840001279488206 3.0 
1912.6840001279488206 2.0 
1913.6840001279488206 5.0 
1914.6840001279488206 3.0 
1915.6840001279488206 7.0 
1916.6840001279488206 6.0 
1917.6840001279488206 5.0 
1918.6840001279488206 3.0 
1919.6840001279488206 2.0 
1920.6840001279488206 1.0 
1921.6840001279488206 2.0 
1922.6840001279488206 2.0 
1923.6840001279488206 5.0 
1924.6840001279488206 7.0 
1925.6840001279488206 7.0 
1926.6840001279488206 4.0 
1927.6840001279488206 6.0 
1928.6840001279488206 1.0 
1929.6840001279488206 6.0 
1930.6840001279488206 3.0 
1931.6840001279488206 4.0 
1932.6840001279488206 8.0 
1933.6840001279488206 9.0 
1934.6840001279488206 7.0 
1935.6840001279488206 7.0 
1936.6840001279488206 6.0 
1937.6840001279488206 7.0 
1938.6840001279488206 2.0 
1939.6840001279488206 7.0 
1940.6840001279488206 3.0 
1941.6840001279488206 6.0 
1942.6840001279488206 4.0 
1943.6840001279488206 7.0 
1944.6840001279488206 7.0 
1945.6840001279488206 7.0 
1946.6840001279488206 5.0 
1947.6840001279488206 4.0 
1948.6840001279488206 6.0 
1949.6840001279488206 2.0 
1950.6840001279488206 0.0 
1951.6840001279488206 3.0 
1952.6840001279488206 4.0 
1953.6840001279488206 8.0 
1954.6840001279488206 6.0 
1955.6840001279488206 4.0 
1956.6840001279488206 0.0 
1957.6840001279488206 5.0 
1958.6840001279488206 2.0 
1959.6840001279488206 3.0 
1960.6840001279488206 3.0 
1961.6840001279488206 11.0 
1962.6840001279488206 10.0 
1963.6840001279488206 3.0 
1964.6840001279488206 5.0 
1965.6840001279488206 2.0 
1966.6840001279488206 6.0 
1967.6840001279488206 4.0 
1968.6840001279488206 3.0 
1969.6840001279488206 2.0 
1970.6840001279488206 3.0 
1971.6840001279488206 9.0 
1972.6840001279488206 12.0 
1973.6840001279488206 4.0 
1974.6840001279488206 0.0 
1975.6840001279488206 2.0 
1976.6840001279488206 4.0 
1977.6840001279488206 8.0 
1978.6840001279488206 3.0 
1979.6840001279488206 4.0 
1980.6840001279488206 1.0 
1981.6840001279488206 4.0 
1982.6840001279488206 9.0 
1983.6840001279488206 5.0 
1984.6840001279488206 2.0 
1985.6840001279488206 4.0 
1986.6840001279488206 10.0 
1987.6840001279488206 4.0 
1988.6840001279488206 4.0 
1989.6840001279488206 7.0 
1990.6840001279488206 9.0 
1991.6840001279488206 1.0 
1992.6840001279488206 2.0 
1993.6840001279488206 1.0 
1994.6840001279488206 3.0 
1995.6840001279488206 2.0 
1996.6840001279488206 4.0 
1997.6840001279488206 5.0 
1998.6840001279488206 12.0 
1999.6840001279488206 4.0 
2000.6840001279488206 7.0 
2001.6840001279488206 2.0 
2002.6840001279488206 1.0 
2003.6840001279488206 3.0 
2004.6840001279488206 3.0 
2005.6840001279488206 5.0 
2006.6840001279488206 1.0 
2007.6840001279488206 2.0 
2008.6840001279488206 5.0 
2009.6840001279488206 12.0 
2010.6840001279488206 3.0 
2011.6840001279488206 0.0 
2012.6840001279488206 2.0 
2013.6840001279488206 2.0 
2014.6840001279488206 5.0 
2015.6840001279488206 5.0 
2016.6840001279488206 5.0 
2017.6840001279488206 2.0 
2018.6840001279488206 11.0 
2019.6840001279488206 9.0 
2020.6840001279488206 4.0 
2021.6840001279488206 2.0 
2022.6840001279488206 2.0 
2023.6840001279488206 2.0 
2024.6840001279488206 5.0 
2025.6840001279488206 1.0 
2026.6840001279488206 4.0 
2027.6840001279488206 11.0 
2028.6840001279488206 5.0 
2029.6840001279488206 4.0 
2030.6840001279488206 4.0 
2031.6840001279488206 4.0 
2032.6840001279488206 3.0 
2033.6840001279488206 2.0 
2034.6840001279488206 1.0 
2035.6840001279488206 4.0 
2036.6840001279488206 8.0 
2037.6840001279488206 9.0 
2038.6840001279488206 3.0 
2039.6840001279488206 3.0 
2040.6840001279488206 4.0 
2041.6840001279488206 5.0 
2042.6840001279488206 5.0 
2043.6840001279488206 3.0 
2044.6840001279488206 6.0 
2045.6840001279488206 7.0 
2046.6840001279488206 8.0 
2047.6840001279488206 4.0 
2048.6840001279488206 6.0 
2049.6840001279488206 4.0 
2050.6840001279488206 3.0 
2051.6840001279488206 1.0 
2052.6840001279488206 3.0 
2053.6840001279488206 5.0 
2054.6840001279488206 4.0 
2055.6840001279488206 11.0 
2056.6840001279488206 5.0 
2057.6840001279488206 5.0 
2058.6840001279488206 4.0 
2059.6840001279488206 5.0 
2060.6840001279488206 4.0 
2061.6840001279488206 6.0 
2062.6840001279488206 6.0 
2063.6840001279488206 5.0 
2064.6840001279488206 5.0 
2065.6840001279488206 8.0 
2066.6840001279488206 3.0 
2067.6840001279488206 5.0 
2068.6840001279488206 2.0 
2069.6840001279488206 4.0 
2070.6840001279488206 2.0 
2071.6840001279488206 5.0 
2072.6840001279488206 6.0 
2073.6840001279488206 4.0 
2074.6840001279488206 9.0 
2075.6840001279488206 6.0 
2076.6840001279488206 8.0 
2077.6840001279488206 2.0 
2078.6840001279488206 3.0 
2079.6840001279488206 3.0 
2080.6840001279488206 4.0 
2081.6840001279488206 1.0 
2082.6840001279488206 11.0 
2083.6840001279488206 4.0 
2084.6840001279488206 7.0 
2085.6840001279488206 2.0 
2086.6840001279488206 1.0 
2087.6840001279488206 3.0 
2088.6840001279488206 5.0 
2089.6840001279488206 1.0 
2090.6840001279488206 3.0 
2091.6840001279488206 2.0 
2092.6840001279488206 10.0 
2093.6840001279488206 4.0 
2094.6840001279488206 6.0 
2095.6840001279488206 4.0 
2096.6840001279488206 2.0 
2097.6840001279488206 5.0 
2098.6840001279488206 6.0 
2099.6840001279488206 4.0 
2100.6840001279488206 2.0 
2101.6840001279488206 14.0 
2102.6840001279488206 2.0 
2103.6840001279488206 5.0 
2104.6840001279488206 5.0 
2105.6840001279488206 3.0 
2106.6840001279488206 1.0 
2107.6840001279488206 3.0 
2108.6840001279488206 1.0 
2109.6840001279488206 2.0 
2110.6840001279488206 7.0 
2111.6840001279488206 7.0 
2112.6840001279488206 11.0 
2113.6840001279488206 6.0 
2114.6840001279488206 6.0 
2115.6840001279488206 5.0 
2116.6840001279488206 4.0 
2117.6840001279488206 1.0 
2118.6840001279488206 1.0 
2119.6840001279488206 6.0 
2120.6840001279488206 7.0 
2121.6840001279488206 6.0 
2122.6840001279488206 3.0 
2123.6840001279488206 1.0 
2124.6840001279488206 2.0 
2125.6840001279488206 4.0 
2126.6840001279488206 3.0 
2127.6840001279488206 3.0 
