-1063.3159998721093871 4.0 
-1062.3159998721093871 2.0 
-1061.3159998721093871 8.0 
-1060.3159998721093871 4.0 
-1059.3159998721093871 2.0 
-1058.3159998721093871 1.0 
-1057.3159998721093871 2.0 
-1056.3159998721093871 2.0 
-1055.3159998721093871 2.0 
-1054.3159998721093871 1.0 
-1053.3159998721093871 3.0 
-1052.3159998721093871 8.0 
-1051.3159998721093871 8.0 
-1050.3159998721093871 6.0 
-1049.3159998721093871 2.0 
-1048.3159998721093871 1.0 
-1047.3159998721093871 2.0 
-1046.3159998721093871 1.0 
-1045.3159998721093871 6.0 
-1044.3159998721093871 5.0 
-1043.3159998721093871 4.0 
-1042.3159998721093871 7.0 
-1041.3159998721093871 2.0 
-1040.3159998721093871 5.0 
-1039.3159998721093871 2.0 
-1038.3159998721093871 2.0 
-1037.3159998721093871 1.0 
-1036.3159998721093871 2.0 
-1035.3159998721093871 4.0 
-1034.3159998721093871 7.0 
-1033.3159998721093871 3.0 
-1032.3159998721093871 5.0 
-1031.3159998721093871 3.0 
-1030.3159998721093871 1.0 
-1029.3159998721093871 6.0 
-1028.3159998721093871 6.0 
-1027.3159998721093871 0.0 
-1026.3159998721093871 4.0 
-1025.3159998721093871 5.0 
-1024.3159998721093871 9.0 
-1023.31599987210938707 3.0 
-1022.31599987210938707 1.0 
-1021.31599987210938707 0.0 
-1020.31599987210938707 1.0 
-1019.31599987210938707 2.0 
-1018.31599987210938707 4.0 
-1017.31599987210938707 7.0 
-1016.31599987210938707 6.0 
-1015.31599987210938707 4.0 
-1014.31599987210938707 5.0 
-1013.31599987210938707 2.0 
-1012.31599987210938707 2.0 
-1011.31599987210938707 3.0 
-1010.31599987210938707 3.0 
-1009.31599987210938707 3.0 
-1008.31599987210938707 5.0 
-1007.31599987210938707 5.0 
-1006.31599987210938707 2.0 
-1005.31599987210938707 2.0 
-1004.31599987210938707 3.0 
-1003.31599987210938707 1.0 
-1002.31599987210938707 0.0 
-1001.31599987210938707 2.0 
-1000.31599987210938707 7.0 
-999.31599987210938707 3.0 
-998.31599987210938707 6.0 
-997.31599987210938707 7.0 
-996.31599987210938707 10.0 
-995.31599987210938707 3.0 
-994.31599987210938707 3.0 
-993.31599987210938707 3.0 
-992.31599987210938707 2.0 
-991.31599987210938707 5.0 
-990.31599987210938707 1.0 
-989.31599987210938707 4.0 
-988.31599987210938707 6.0 
-987.31599987210938707 5.0 
-986.31599987210938707 6.0 
-985.31599987210938707 3.0 
-984.31599987210938707 0.0 
-983.31599987210938707 3.0 
-982.31599987210938707 4.0 
-981.31599987210938707 5.0 
-980.31599987210938707 6.0 
-979.31599987210938707 6.0 
-978.31599987210938707 4.0 
-977.31599987210938707 2.0 
-976.31599987210938707 4.0 
-975.31599987210938707 1.0 
-974.31599987210938707 4.0 
-973.31599987210938707 2.0 
-972.31599987210938707 5.0 
-971.31599987210938707 2.0 
-970.31599987210938707 5.0 
-969.31599987210938707 5.0 
-968.31599987210938707 4.0 
-967.31599987210938707 2.0 
-966.31599987210938707 2.0 
-965.31599987210938707 3.0 
-964.31599987210938707 6.0 
-963.31599987210938707 3.0 
-962.31599987210938707 1.0 
-961.31599987210938707 5.0 
-960.31599987210938707 7.0 
-959.31599987210938707 7.0 
-958.31599987210938707 4.0 
-957.31599987210938707 3.0 
-956.31599987210938707 3.0 
-955.31599987210938707 1.0 
-954.31599987210938707 3.0 
-953.31599987210938707 0.0 
-952.31599987210938707 3.0 
-951.31599987210938707 9.0 
-950.31599987210938707 3.0 
-949.31599987210938707 4.0 
-948.31599987210938707 4.0 
-947.31599987210938707 1.0 
-946.31599987210938707 4.0 
-945.31599987210938707 5.0 
-944.31599987210938707 7.0 
-943.31599987210938707 3.0 
-942.31599987210938707 5.0 
-941.31599987210938707 7.0 
-940.31599987210938707 3.0 
-939.31599987210938707 5.0 
-938.31599987210938707 1.0 
-937.31599987210938707 3.0 
-936.31599987210938707 5.0 
-935.31599987210938707 2.0 
-934.31599987210938707 3.0 
-933.31599987210938707 9.0 
-932.31599987210938707 7.0 
-931.31599987210938707 8.0 
-930.31599987210938707 6.0 
-929.31599987210938707 6.0 
-928.31599987210938707 3.0 
-927.31599987210938707 7.0 
-926.31599987210938707 2.0 
-925.31599987210938707 2.0 
-924.31599987210938707 6.0 
-923.31599987210938707 9.0 
-922.31599987210938707 5.0 
-921.31599987210938707 3.0 
-920.31599987210938707 5.0 
-919.31599987210938707 1.0 
-918.31599987210938707 1.0 
-917.31599987210938707 0.0 
-916.31599987210938707 2.0 
-915.31599987210938707 5.0 
-914.31599987210938707 12.0 
-913.31599987210938707 8.0 
-912.31599987210938707 12.0 
-911.31599987210938707 7.0 
-910.31599987210938707 4.0 
-909.31599987210938707 5.0 
-908.31599987210938707 3.0 
-907.31599987210938707 4.0 
-906.31599987210938707 2.0 
-905.31599987210938707 8.0 
-904.31599987210938707 8.0 
-903.31599987210938707 4.0 
-902.31599987210938707 5.0 
-901.31599987210938707 2.0 
-900.31599987210938707 5.0 
-899.31599987210938707 4.0 
-898.31599987210938707 6.0 
-897.31599987210938707 5.0 
-896.31599987210938707 6.0 
-895.31599987210938707 9.0 
-894.31599987210938707 9.0 
-893.31599987210938707 2.0 
-892.31599987210938707 5.0 
-891.31599987210938707 1.0 
-890.31599987210938707 3.0 
-889.31599987210938707 6.0 
-888.31599987210938707 5.0 
-887.31599987210938707 2.0 
-886.31599987210938707 6.0 
-885.31599987210938707 6.0 
-884.31599987210938707 6.0 
-883.31599987210938707 2.0 
-882.31599987210938707 1.0 
-881.31599987210938707 2.0 
-880.31599987210938707 3.0 
-879.31599987210938707 3.0 
-878.31599987210938707 4.0 
-877.31599987210938707 5.0 
-876.31599987210938707 8.0 
-875.31599987210938707 2.0 
-874.31599987210938707 2.0 
-873.31599987210938707 1.0 
-872.31599987210938707 4.0 
-871.31599987210938707 3.0 
-870.31599987210938707 2.0 
-869.31599987210938707 3.0 
-868.31599987210938707 5.0 
-867.31599987210938707 6.0 
-866.31599987210938707 6.0 
-865.31599987210938707 6.0 
-864.31599987210938707 5.0 
-863.31599987210938707 6.0 
-862.31599987210938707 1.0 
-861.31599987210938707 1.0 
-860.31599987210938707 7.0 
-859.31599987210938707 7.0 
-858.31599987210938707 10.0 
-857.31599987210938707 5.0 
-856.31599987210938707 7.0 
-855.31599987210938707 4.0 
-854.31599987210938707 3.0 
-853.31599987210938707 1.0 
-852.31599987210938707 1.0 
-851.31599987210938707 3.0 
-850.31599987210938707 3.0 
-849.31599987210938707 4.0 
-848.31599987210938707 6.0 
-847.31599987210938707 6.0 
-846.31599987210938707 4.0 
-845.31599987210938707 1.0 
-844.31599987210938707 4.0 
-843.31599987210938707 3.0 
-842.31599987210938707 3.0 
-841.31599987210938707 3.0 
-840.31599987210938707 6.0 
-839.31599987210938707 5.0 
-838.31599987210938707 9.0 
-837.31599987210938707 5.0 
-836.31599987210938707 2.0 
-835.31599987210938707 1.0 
-834.31599987210938707 2.0 
-833.31599987210938707 3.0 
-832.31599987210938707 5.0 
-831.31599987210938707 5.0 
-830.31599987210938707 4.0 
-829.31599987210938707 6.0 
-828.31599987210938707 5.0 
-827.31599987210938707 4.0 
-826.31599987210938707 0.0 
-825.31599987210938707 3.0 
-824.31599987210938707 5.0 
-823.31599987210938707 2.0 
-822.31599987210938707 3.0 
-821.31599987210938707 3.0 
-820.31599987210938707 5.0 
-819.31599987210938707 5.0 
-818.31599987210938707 3.0 
-817.31599987210938707 1.0 
-816.31599987210938707 1.0 
-815.31599987210938707 2.0 
-814.31599987210938707 1.0 
-813.31599987210938707 3.0 
-812.31599987210938707 8.0 
-811.31599987210938707 3.0 
-810.31599987210938707 1.0 
-809.31599987210938707 2.0 
-808.31599987210938707 2.0 
-807.31599987210938707 2.0 
-806.31599987210938707 3.0 
-805.31599987210938707 2.0 
-804.31599987210938707 0.0 
-803.31599987210938707 8.0 
-802.31599987210938707 4.0 
-801.31599987210938707 7.0 
-800.31599987210938707 5.0 
-799.31599987210938707 7.0 
-798.31599987210938707 3.0 
-797.31599987210938707 3.0 
-796.31599987210938707 5.0 
-795.31599987210938707 3.0 
-794.31599987210938707 2.0 
-793.31599987210938707 6.0 
-792.31599987210938707 5.0 
-791.31599987210938707 5.0 
-790.31599987210938707 3.0 
-789.31599987210938707 1.0 
-788.31599987210938707 6.0 
-787.31599987210938707 1.0 
-786.31599987210938707 2.0 
-785.31599987210938707 5.0 
-784.31599987210938707 8.0 
-783.31599987210938707 8.0 
-782.31599987210938707 9.0 
-781.31599987210938707 5.0 
-780.31599987210938707 8.0 
-779.31599987210938707 2.0 
-778.31599987210938707 3.0 
-777.31599987210938707 2.0 
-776.31599987210938707 1.0 
-775.31599987210938707 3.0 
-774.31599987210938707 10.0 
-773.31599987210938707 5.0 
-772.31599987210938707 7.0 
-771.31599987210938707 3.0 
-770.31599987210938707 3.0 
-769.31599987210938707 2.0 
-768.31599987210938707 1.0 
-767.31599987210938707 4.0 
-766.31599987210938707 7.0 
-765.31599987210938707 5.0 
-764.31599987210938707 6.0 
-763.31599987210938707 3.0 
-762.31599987210938707 2.0 
-761.31599987210938707 2.0 
-760.31599987210938707 1.0 
-759.31599987210938707 2.0 
-758.31599987210938707 3.0 
-757.31599987210938707 4.0 
-756.31599987210938707 10.0 
-755.31599987210938707 3.0 
-754.31599987210938707 2.0 
-753.31599987210938707 2.0 
-752.31599987210938707 3.0 
-751.31599987210938707 5.0 
-750.31599987210938707 0.0 
-749.31599987210938707 1.0 
-748.31599987210938707 2.0 
-747.31599987210938707 3.0 
-746.31599987210938707 4.0 
-745.31599987210938707 5.0 
-744.31599987210938707 2.0 
-743.31599987210938707 9.0 
-742.31599987210938707 3.0 
-741.31599987210938707 1.0 
-740.31599987210938707 2.0 
-739.31599987210938707 3.0 
-738.31599987210938707 4.0 
-737.31599987210938707 4.0 
-736.31599987210938707 5.0 
-735.31599987210938707 6.0 
-734.31599987210938707 9.0 
-733.31599987210938707 3.0 
-732.31599987210938707 4.0 
-731.31599987210938707 6.0 
-730.31599987210938707 4.0 
-729.31599987210938707 7.0 
-728.31599987210938707 1.0 
-727.31599987210938707 7.0 
-726.31599987210938707 5.0 
-725.31599987210938707 1.0 
-724.31599987210938707 1.0 
-723.31599987210938707 2.0 
-722.31599987210938707 4.0 
-721.31599987210938707 1.0 
-720.31599987210938707 4.0 
-719.31599987210938707 2.0 
-718.31599987210938707 9.0 
-717.31599987210938707 2.0 
-716.31599987210938707 3.0 
-715.31599987210938707 3.0 
-714.31599987210938707 4.0 
-713.31599987210938707 3.0 
-712.31599987210938707 1.0 
-711.31599987210938707 2.0 
-710.31599987210938707 2.0 
-709.31599987210938707 6.0 
-708.31599987210938707 2.0 
-707.31599987210938707 3.0 
-706.31599987210938707 1.0 
-705.31599987210938707 2.0 
-704.31599987210938707 3.0 
-703.31599987210938707 7.0 
-702.31599987210938707 2.0 
-701.31599987210938707 4.0 
-700.31599987210938707 4.0 
-699.31599987210938707 5.0 
-698.31599987210938707 6.0 
-697.31599987210938707 5.0 
-696.31599987210938707 4.0 
-695.31599987210938707 2.0 
-694.31599987210938707 3.0 
-693.31599987210938707 5.0 
-692.31599987210938707 2.0 
-691.31599987210938707 6.0 
-690.31599987210938707 3.0 
-689.31599987210938707 9.0 
-688.31599987210938707 3.0 
-687.31599987210938707 4.0 
-686.31599987210938707 3.0 
-685.31599987210938707 2.0 
-684.31599987210938707 1.0 
-683.31599987210938707 2.0 
-682.31599987210938707 7.0 
-681.31599987210938707 5.0 
-680.31599987210938707 6.0 
-679.31599987210938707 4.0 
-678.31599987210938707 6.0 
-677.31599987210938707 1.0 
-676.31599987210938707 4.0 
-675.31599987210938707 1.0 
-674.31599987210938707 5.0 
-673.31599987210938707 3.0 
-672.31599987210938707 9.0 
-671.31599987210938707 7.0 
-670.31599987210938707 6.0 
-669.31599987210938707 3.0 
-668.31599987210938707 2.0 
-667.31599987210938707 4.0 
-666.31599987210938707 3.0 
-665.31599987210938707 3.0 
-664.31599987210938707 2.0 
-663.31599987210938707 7.0 
-662.31599987210938707 5.0 
-661.31599987210938707 9.0 
-660.31599987210938707 4.0 
-659.31599987210938707 3.0 
-658.31599987210938707 5.0 
-657.31599987210938707 4.0 
-656.31599987210938707 1.0 
-655.31599987210938707 2.0 
-654.31599987210938707 3.0 
-653.31599987210938707 2.0 
-652.31599987210938707 2.0 
-651.31599987210938707 5.0 
-650.31599987210938707 1.0 
-649.31599987210938707 6.0 
-648.31599987210938707 1.0 
-647.31599987210938707 2.0 
-646.31599987210938707 1.0 
-645.31599987210938707 6.0 
-644.31599987210938707 7.0 
-643.31599987210938707 5.0 
-642.31599987210938707 5.0 
-641.31599987210938707 4.0 
-640.31599987210938707 2.0 
-639.31599987210938707 2.0 
-638.31599987210938707 4.0 
-637.31599987210938707 3.0 
-636.31599987210938707 4.0 
-635.31599987210938707 1.0 
-634.31599987210938707 4.0 
-633.31599987210938707 5.0 
-632.31599987210938707 1.0 
-631.31599987210938707 3.0 
-630.31599987210938707 1.0 
-629.31599987210938707 6.0 
-628.31599987210938707 7.0 
-627.31599987210938707 3.0 
-626.31599987210938707 3.0 
-625.31599987210938707 8.0 
-624.31599987210938707 8.0 
-623.31599987210938707 6.0 
-622.31599987210938707 5.0 
-621.31599987210938707 1.0 
-620.31599987210938707 2.0 
-619.31599987210938707 4.0 
-618.31599987210938707 2.0 
-617.31599987210938707 0.0 
-616.31599987210938707 3.0 
-615.31599987210938707 9.0 
-614.31599987210938707 3.0 
-613.31599987210938707 5.0 
-612.31599987210938707 3.0 
-611.31599987210938707 1.0 
-610.31599987210938707 3.0 
-609.31599987210938707 1.0 
-608.31599987210938707 1.0 
-607.31599987210938707 4.0 
-606.31599987210938707 7.0 
-605.31599987210938707 6.0 
-604.31599987210938707 6.0 
-603.31599987210938707 2.0 
-602.31599987210938707 2.0 
-601.31599987210938707 2.0 
-600.31599987210938707 0.0 
-599.31599987210938707 7.0 
-598.31599987210938707 6.0 
-597.31599987210938707 8.0 
-596.31599987210938707 5.0 
-595.31599987210938707 6.0 
-594.31599987210938707 2.0 
-593.31599987210938707 5.0 
-592.31599987210938707 2.0 
-591.31599987210938707 3.0 
-590.31599987210938707 4.0 
-589.31599987210938707 6.0 
-588.31599987210938707 9.0 
-587.31599987210938707 5.0 
-586.31599987210938707 4.0 
-585.31599987210938707 4.0 
-584.31599987210938707 1.0 
-583.31599987210938707 1.0 
-582.31599987210938707 2.0 
-581.31599987210938707 3.0 
-580.31599987210938707 4.0 
-579.31599987210938707 4.0 
-578.31599987210938707 3.0 
-577.31599987210938707 5.0 
-576.31599987210938707 2.0 
-575.31599987210938707 2.0 
-574.31599987210938707 1.0 
-573.31599987210938707 2.0 
-572.31599987210938707 2.0 
-571.31599987210938707 2.0 
-570.31599987210938707 6.0 
-569.31599987210938707 7.0 
-568.31599987210938707 7.0 
-567.31599987210938707 8.0 
-566.31599987210938707 3.0 
-565.31599987210938707 3.0 
-564.31599987210938707 1.0 
-563.31599987210938707 3.0 
-562.31599987210938707 6.0 
-561.31599987210938707 12.0 
-560.31599987210938707 8.0 
-559.31599987210938707 4.0 
-558.31599987210938707 10.0 
-557.31599987210938707 1.0 
-556.31599987210938707 1.0 
-555.31599987210938707 0.0 
-554.31599987210938707 1.0 
-553.31599987210938707 1.0 
-552.31599987210938707 6.0 
-551.31599987210938707 5.0 
-550.31599987210938707 3.0 
-549.31599987210938707 3.0 
-548.31599987210938707 2.0 
-547.31599987210938707 6.0 
-546.31599987210938707 0.0 
-545.31599987210938707 2.0 
-544.31599987210938707 1.0 
-543.31599987210938707 1.0 
-542.31599987210938707 6.0 
-541.31599987210938707 8.0 
-540.31599987210938707 3.0 
-539.31599987210938707 4.0 
-538.31599987210938707 4.0 
-537.31599987210938707 3.0 
-536.31599987210938707 4.0 
-535.31599987210938707 2.0 
-534.31599987210938707 3.0 
-533.31599987210938707 2.0 
-532.31599987210938707 3.0 
-531.31599987210938707 2.0 
-530.31599987210938707 4.0 
-529.31599987210938707 2.0 
-528.31599987210938707 0.0 
-527.31599987210938707 0.0 
-526.31599987210938707 1.0 
-525.31599987210938707 5.0 
-524.31599987210938707 7.0 
-523.31599987210938707 5.0 
-522.31599987210938707 8.0 
-521.31599987210938707 6.0 
-520.31599987210938707 3.0 
-519.31599987210938707 2.0 
-518.31599987210938707 2.0 
-517.31599987210938707 0.0 
-516.31599987210938707 4.0 
-515.31599987210938707 1.0 
-514.31599987210938707 7.0 
-513.31599987210938707 14.0 
-512.31599987210938707 1.0 
-511.31599987210938707 4.0 
-510.31599987210938707 1.0 
-509.31599987210938707 4.0 
-508.31599987210938707 2.0 
-507.31599987210938707 3.0 
-506.31599987210938707 6.0 
-505.31599987210938707 3.0 
-504.31599987210938707 5.0 
-503.31599987210938707 5.0 
-502.31599987210938707 5.0 
-501.31599987210938707 5.0 
-500.31599987210938707 3.0 
-499.31599987210938707 2.0 
-498.31599987210938707 3.0 
-497.31599987210938707 1.0 
-496.31599987210938707 4.0 
-495.31599987210938707 6.0 
-494.31599987210938707 3.0 
-493.31599987210938707 5.0 
-492.31599987210938707 1.0 
-491.31599987210938707 0.0 
-490.31599987210938707 2.0 
-489.31599987210938707 1.0 
-488.31599987210938707 3.0 
-487.31599987210938707 0.0 
-486.31599987210938707 3.0 
-485.31599987210938707 6.0 
-484.31599987210938707 4.0 
-483.31599987210938707 3.0 
-482.31599987210938707 1.0 
-481.31599987210938707 3.0 
-480.31599987210938707 4.0 
-479.31599987210938707 4.0 
-478.31599987210938707 2.0 
-477.31599987210938707 6.0 
-476.31599987210938707 4.0 
-475.31599987210938707 3.0 
-474.31599987210938707 6.0 
-473.31599987210938707 2.0 
-472.31599987210938707 2.0 
-471.31599987210938707 5.0 
-470.31599987210938707 4.0 
-469.31599987210938707 3.0 
-468.31599987210938707 4.0 
-467.31599987210938707 5.0 
-466.31599987210938707 9.0 
-465.31599987210938707 4.0 
-464.31599987210938707 1.0 
-463.31599987210938707 1.0 
-462.31599987210938707 2.0 
-461.31599987210938707 2.0 
-460.31599987210938707 3.0 
-459.31599987210938707 2.0 
-458.31599987210938707 8.0 
-457.31599987210938707 6.0 
-456.31599987210938707 3.0 
-455.31599987210938707 3.0 
-454.31599987210938707 1.0 
-453.31599987210938707 3.0 
-452.31599987210938707 3.0 
-451.31599987210938707 2.0 
-450.31599987210938707 4.0 
-449.31599987210938707 3.0 
-448.31599987210938707 2.0 
-447.31599987210938707 4.0 
-446.31599987210938707 5.0 
-445.31599987210938707 1.0 
-444.31599987210938707 2.0 
-443.31599987210938707 2.0 
-442.31599987210938707 4.0 
-441.31599987210938707 2.0 
-440.31599987210938707 1.0 
-439.31599987210938707 9.0 
-438.31599987210938707 8.0 
-437.31599987210938707 4.0 
-436.31599987210938707 4.0 
-435.31599987210938707 2.0 
-434.31599987210938707 4.0 
-433.31599987210938707 5.0 
-432.31599987210938707 4.0 
-431.31599987210938707 2.0 
-430.31599987210938707 6.0 
-429.31599987210938707 5.0 
-428.31599987210938707 9.0 
-427.31599987210938707 0.0 
-426.31599987210938707 1.0 
-425.31599987210938707 2.0 
-424.31599987210938707 2.0 
-423.31599987210938707 1.0 
-422.31599987210938707 9.0 
-421.31599987210938707 4.0 
-420.31599987210938707 5.0 
-419.31599987210938707 7.0 
-418.31599987210938707 4.0 
-417.31599987210938707 1.0 
-416.31599987210938707 1.0 
-415.31599987210938707 3.0 
-414.31599987210938707 2.0 
-413.31599987210938707 3.0 
-412.31599987210938707 5.0 
-411.31599987210938707 8.0 
-410.31599987210938707 10.0 
-409.31599987210938707 9.0 
-408.31599987210938707 5.0 
-407.31599987210938707 0.0 
-406.31599987210938707 6.0 
-405.31599987210938707 4.0 
-404.31599987210938707 2.0 
-403.31599987210938707 4.0 
-402.31599987210938707 8.0 
-401.31599987210938707 10.0 
-400.31599987210938707 4.0 
-399.31599987210938707 5.0 
-398.31599987210938707 1.0 
-397.31599987210938707 5.0 
-396.31599987210938707 2.0 
-395.31599987210938707 3.0 
-394.31599987210938707 4.0 
-393.31599987210938707 3.0 
-392.31599987210938707 4.0 
-391.31599987210938707 6.0 
-390.31599987210938707 8.0 
-389.31599987210938707 0.0 
-388.31599987210938707 3.0 
-387.31599987210938707 3.0 
-386.31599987210938707 7.0 
-385.31599987210938707 2.0 
-384.31599987210938707 4.0 
-383.31599987210938707 5.0 
-382.31599987210938707 7.0 
-381.31599987210938707 6.0 
-380.31599987210938707 2.0 
-379.31599987210938707 3.0 
-378.31599987210938707 1.0 
-377.31599987210938707 5.0 
-376.31599987210938707 0.0 
-375.31599987210938707 7.0 
-374.31599987210938707 7.0 
-373.31599987210938707 3.0 
-372.31599987210938707 6.0 
-371.31599987210938707 6.0 
-370.31599987210938707 2.0 
-369.31599987210938707 4.0 
-368.31599987210938707 4.0 
-367.31599987210938707 0.0 
-366.31599987210938707 3.0 
-365.31599987210938707 6.0 
-364.31599987210938707 8.0 
-363.31599987210938707 3.0 
-362.31599987210938707 5.0 
-361.31599987210938707 3.0 
-360.31599987210938707 2.0 
-359.31599987210938707 1.0 
-358.31599987210938707 2.0 
-357.31599987210938707 5.0 
-356.31599987210938707 8.0 
-355.31599987210938707 5.0 
-354.31599987210938707 6.0 
-353.31599987210938707 3.0 
-352.31599987210938707 3.0 
-351.31599987210938707 3.0 
-350.31599987210938707 6.0 
-349.31599987210938707 3.0 
-348.31599987210938707 4.0 
-347.31599987210938707 6.0 
-346.31599987210938707 4.0 
-345.31599987210938707 5.0 
-344.31599987210938707 4.0 
-343.31599987210938707 5.0 
-342.31599987210938707 2.0 
-341.31599987210938707 5.0 
-340.31599987210938707 3.0 
-339.31599987210938707 1.0 
-338.31599987210938707 7.0 
-337.31599987210938707 7.0 
-336.31599987210938707 9.0 
-335.31599987210938707 1.0 
-334.31599987210938707 2.0 
-333.31599987210938707 1.0 
-332.31599987210938707 0.0 
-331.31599987210938707 1.0 
-330.31599987210938707 2.0 
-329.31599987210938707 3.0 
-328.31599987210938707 5.0 
-327.31599987210938707 5.0 
-326.31599987210938707 4.0 
-325.31599987210938707 4.0 
-324.31599987210938707 3.0 
-323.31599987210938707 4.0 
-322.31599987210938707 5.0 
-321.31599987210938707 0.0 
-320.31599987210938707 4.0 
-319.31599987210938707 5.0 
-318.31599987210938707 4.0 
-317.31599987210938707 6.0 
-316.31599987210938707 7.0 
-315.31599987210938707 4.0 
-314.31599987210938707 3.0 
-313.31599987210938707 3.0 
-312.31599987210938707 3.0 
-311.31599987210938707 3.0 
-310.31599987210938707 7.0 
-309.31599987210938707 7.0 
-308.31599987210938707 9.0 
-307.31599987210938707 3.0 
-306.31599987210938707 3.0 
-305.31599987210938707 1.0 
-304.31599987210938707 2.0 
-303.31599987210938707 0.0 
-302.31599987210938707 5.0 
-301.31599987210938707 5.0 
-300.31599987210938707 8.0 
-299.31599987210938707 4.0 
-298.31599987210938707 8.0 
-297.31599987210938707 2.0 
-296.31599987210938707 2.0 
-295.31599987210938707 0.0 
-294.31599987210938707 4.0 
-293.31599987210938707 4.0 
-292.31599987210938707 2.0 
-291.31599987210938707 3.0 
-290.31599987210938707 9.0 
-289.31599987210938707 6.0 
-288.31599987210938707 7.0 
-287.31599987210938707 1.0 
-286.31599987210938707 2.0 
-285.31599987210938707 1.0 
-284.31599987210938707 4.0 
-283.31599987210938707 2.0 
-282.31599987210938707 8.0 
-281.31599987210938707 4.0 
-280.31599987210938707 5.0 
-279.31599987210938707 7.0 
-278.31599987210938707 0.0 
-277.31599987210938707 4.0 
-276.31599987210938707 1.0 
-275.31599987210938707 6.0 
-274.31599987210938707 3.0 
-273.31599987210938707 8.0 
-272.31599987210938707 7.0 
-271.31599987210938707 5.0 
-270.31599987210938707 4.0 
-269.31599987210938707 3.0 
-268.31599987210938707 2.0 
-267.31599987210938707 2.0 
-266.31599987210938707 2.0 
-265.31599987210938707 4.0 
-264.31599987210938707 3.0 
-263.31599987210938707 4.0 
-262.31599987210938707 7.0 
-261.31599987210938707 4.0 
-260.31599987210938707 8.0 
-259.31599987210938707 2.0 
-258.31599987210938707 2.0 
-257.31599987210938707 5.0 
-256.31599987210938707 2.0 
-255.31599987210938707 4.0 
-254.31599987210938707 11.0 
-253.31599987210938707 11.0 
-252.31599987210938707 9.0 
-251.31599987210938707 9.0 
-250.31599987210938707 2.0 
-249.31599987210938707 1.0 
-248.31599987210938707 4.0 
-247.31599987210938707 3.0 
-246.31599987210938707 2.0 
-245.31599987210938707 4.0 
-244.31599987210938707 7.0 
-243.31599987210938707 6.0 
-242.31599987210938707 5.0 
-241.31599987210938707 5.0 
-240.31599987210938707 3.0 
-239.31599987210938707 2.0 
-238.31599987210938707 4.0 
-237.31599987210938707 2.0 
-236.31599987210938707 4.0 
-235.31599987210938707 11.0 
-234.31599987210938707 4.0 
-233.31599987210938707 8.0 
-232.31599987210938707 3.0 
-231.31599987210938707 1.0 
-230.31599987210938707 3.0 
-229.31599987210938707 1.0 
-228.31599987210938707 5.0 
-227.31599987210938707 4.0 
-226.31599987210938707 4.0 
-225.31599987210938707 7.0 
-224.31599987210938707 3.0 
-223.31599987210938707 5.0 
-222.31599987210938707 0.0 
-221.31599987210938707 0.0 
-220.31599987210938707 6.0 
-219.31599987210938707 3.0 
-218.31599987210938707 3.0 
-217.31599987210938707 3.0 
-216.31599987210938707 5.0 
-215.31599987210938707 9.0 
-214.31599987210938707 6.0 
-213.31599987210938707 2.0 
-212.31599987210938707 1.0 
-211.31599987210938707 1.0 
-210.31599987210938707 2.0 
-209.31599987210938707 4.0 
-208.31599987210938707 4.0 
-207.31599987210938707 6.0 
-206.31599987210938707 11.0 
-205.31599987210938707 2.0 
-204.31599987210938707 3.0 
-203.31599987210938707 6.0 
-202.31599987210938707 3.0 
-201.31599987210938707 2.0 
-200.31599987210938707 1.0 
-199.31599987210938707 5.0 
-198.31599987210938707 6.0 
-197.31599987210938707 3.0 
-196.31599987210938707 6.0 
-195.31599987210938707 6.0 
-194.31599987210938707 6.0 
-193.31599987210938707 1.0 
-192.31599987210938707 3.0 
-191.31599987210938707 1.0 
-190.31599987210938707 3.0 
-189.31599987210938707 4.0 
-188.31599987210938707 8.0 
-187.31599987210938707 6.0 
-186.31599987210938707 6.0 
-185.31599987210938707 3.0 
-184.31599987210938707 2.0 
-183.31599987210938707 3.0 
-182.31599987210938707 2.0 
-181.31599987210938707 4.0 
-180.31599987210938707 1.0 
-179.31599987210938707 4.0 
-178.31599987210938707 3.0 
-177.31599987210938707 1.0 
-176.31599987210938707 6.0 
-175.31599987210938707 2.0 
-174.31599987210938707 0.0 
-173.31599987210938707 2.0 
-172.31599987210938707 2.0 
-171.31599987210938707 0.0 
-170.31599987210938707 6.0 
-169.31599987210938707 4.0 
-168.31599987210938707 6.0 
-167.31599987210938707 2.0 
-166.31599987210938707 1.0 
-165.31599987210938707 4.0 
-164.31599987210938707 0.0 
-163.31599987210938707 2.0 
-162.31599987210938707 4.0 
-161.31599987210938707 8.0 
-160.31599987210938707 6.0 
-159.31599987210938707 4.0 
-158.31599987210938707 2.0 
-157.31599987210938707 4.0 
-156.31599987210938707 1.0 
-155.31599987210938707 4.0 
-154.31599987210938707 3.0 
-153.31599987210938707 3.0 
-152.31599987210938707 9.0 
-151.31599987210938707 6.0 
-150.31599987210938707 12.0 
-149.31599987210938707 5.0 
-148.31599987210938707 6.0 
-147.31599987210938707 2.0 
-146.31599987210938707 5.0 
-145.31599987210938707 4.0 
-144.31599987210938707 1.0 
-143.31599987210938707 3.0 
-142.31599987210938707 5.0 
-141.31599987210938707 4.0 
-140.31599987210938707 10.0 
-139.31599987210938707 2.0 
-138.31599987210938707 3.0 
-137.31599987210938707 2.0 
-136.31599987210938707 2.0 
-135.31599987210938707 2.0 
-134.31599987210938707 1.0 
-133.31599987210938707 7.0 
-132.31599987210938707 5.0 
-131.31599987210938707 3.0 
-130.31599987210938707 4.0 
-129.31599987210938707 5.0 
-128.31599987210938707 4.0 
-127.31599987210938707 5.0 
-126.31599987210938707 3.0 
-125.31599987210938707 2.0 
-124.31599987210938707 2.0 
-123.31599987210938707 7.0 
-122.31599987210938707 8.0 
-121.31599987210938707 1.0 
-120.31599987210938707 3.0 
-119.31599987210938707 3.0 
-118.31599987210938707 5.0 
-117.31599987210938707 2.0 
-116.31599987210938707 5.0 
-115.31599987210938707 8.0 
-114.31599987210938707 7.0 
-113.31599987210938707 3.0 
-112.31599987210938707 4.0 
-111.31599987210938707 2.0 
-110.31599987210938707 1.0 
-109.31599987210938707 0.0 
-108.31599987210938707 2.0 
-107.31599987210938707 3.0 
-106.31599987210938707 0.0 
-105.31599987210938707 5.0 
-104.31599987210938707 6.0 
-103.31599987210938707 4.0 
-102.31599987210938707 6.0 
-101.31599987210938707 6.0 
-100.31599987210938707 2.0 
-99.31599987210938707 3.0 
-98.31599987210938707 4.0 
-97.31599987210938707 3.0 
-96.31599987210938707 3.0 
-95.31599987210938707 2.0 
-94.31599987210938707 6.0 
-93.31599987210938707 6.0 
-92.31599987210938707 4.0 
-91.31599987210938707 6.0 
-90.31599987210938707 3.0 
-89.31599987210938707 3.0 
-88.31599987210938707 0.0 
-87.31599987210938707 10.0 
-86.31599987210938707 7.0 
-85.31599987210938707 8.0 
-84.31599987210938707 6.0 
-83.31599987210938707 5.0 
-82.31599987210938707 1.0 
-81.31599987210938707 2.0 
-80.31599987210938707 7.0 
-79.31599987210938707 2.0 
-78.31599987210938707 3.0 
-77.31599987210938707 7.0 
-76.31599987210938707 8.0 
-75.31599987210938707 3.0 
-74.31599987210938707 5.0 
-73.31599987210938707 2.0 
-72.31599987210938707 4.0 
-71.31599987210938707 0.0 
-70.31599987210938707 3.0 
-69.31599987210938707 4.0 
-68.31599987210938707 7.0 
-67.31599987210938707 8.0 
-66.31599987210938707 11.0 
-65.31599987210938707 13.0 
-64.31599987210938707 2.0 
-63.31599987210938707 3.0 
-62.31599987210938707 1.0 
-61.31599987210938707 4.0 
-60.31599987210938707 2.0 
-59.31599987210938707 7.0 
-58.31599987210938707 12.0 
-57.31599987210938707 8.0 
-56.31599987210938707 10.0 
-55.31599987210938707 7.0 
-54.31599987210938707 5.0 
-53.31599987210938707 6.0 
-52.31599987210938707 6.0 
-51.31599987210938707 4.0 
-50.31599987210938707 6.0 
-49.31599987210938707 6.0 
-48.31599987210938707 9.0 
-47.31599987210938707 6.0 
-46.31599987210938707 6.0 
-45.31599987210938707 2.0 
-44.31599987210938707 2.0 
-43.31599987210938707 6.0 
-42.31599987210938707 7.0 
-41.31599987210938707 7.0 
-40.31599987210938707 2.0 
-39.31599987210938707 9.0 
-38.31599987210938707 7.0 
-37.31599987210938707 5.0 
-36.31599987210938707 0.0 
-35.31599987210938707 4.0 
-34.31599987210938707 3.0 
-33.31599987210938707 3.0 
-32.31599987210938707 2.0 
-31.31599987210938707 2.0 
-30.31599987210938707 7.0 
-29.31599987210938707 6.0 
-28.31599987210938707 5.0 
-27.31599987210938707 3.0 
-26.31599987210938707 5.0 
-25.31599987210938707 5.0 
-24.31599987210938707 3.0 
-23.31599987210938707 2.0 
-22.31599987210938707 5.0 
-21.31599987210938707 6.0 
-20.31599987210938707 5.0 
-19.31599987210938707 5.0 
-18.31599987210938707 4.0 
-17.31599987210938707 2.0 
-16.31599987210938707 0.0 
-15.31599987210938707 1.0 
-14.31599987210938707 0.0 
-13.31599987210938707 1.0 
-12.31599987210938707 3.0 
-11.31599987210938707 4.0 
-10.31599987210938707 3.0 
-9.31599987210938707 10.0 
-8.31599987210938707 4.0 
-7.31599987210938707 1.0 
-6.31599987210938707 1.0 
-5.31599987210938707 6.0 
-4.31599987210938707 2.0 
-3.31599987210938707 3.0 
-2.31599987210938707 5.0 
-1.3159998721093870699 6.0 
-0.31599987210938706994 3.0 
0.68400012789061293006 3.0 
1.6840001278906129301 5.0 
2.68400012789061293 2.0 
3.68400012789061293 4.0 
4.68400012789061293 4.0 
5.68400012789061293 5.0 
6.68400012789061293 7.0 
7.68400012789061293 8.0 
8.68400012789061293 1.0 
9.68400012789061293 4.0 
10.68400012789061293 1.0 
11.68400012789061293 2.0 
12.68400012789061293 3.0 
13.68400012789061293 1.0 
14.68400012789061293 1.0 
15.68400012789061293 3.0 
16.68400012789061293 6.0 
17.68400012789061293 7.0 
18.68400012789061293 6.0 
19.68400012789061293 5.0 
20.68400012789061293 1.0 
21.68400012789061293 1.0 
22.68400012789061293 3.0 
23.68400012789061293 3.0 
24.68400012789061293 0.0 
25.68400012789061293 7.0 
26.68400012789061293 8.0 
27.68400012789061293 11.0 
28.68400012789061293 0.0 
29.68400012789061293 5.0 
30.68400012789061293 1.0 
31.68400012789061293 1.0 
32.68400012789061293 3.0 
33.68400012789061293 6.0 
34.68400012789061293 7.0 
35.68400012789061293 10.0 
36.68400012789061293 7.0 
37.68400012789061293 4.0 
38.68400012789061293 2.0 
39.68400012789061293 2.0 
40.68400012789061293 1.0 
41.68400012789061293 2.0 
42.68400012789061293 4.0 
43.68400012789061293 3.0 
44.68400012789061293 7.0 
45.68400012789061293 3.0 
46.68400012789061293 5.0 
47.68400012789061293 6.0 
48.68400012789061293 0.0 
49.68400012789061293 1.0 
50.68400012789061293 1.0 
51.68400012789061293 3.0 
52.68400012789061293 4.0 
53.68400012789061293 9.0 
54.68400012789061293 5.0 
55.68400012789061293 4.0 
56.68400012789061293 2.0 
57.68400012789061293 3.0 
58.68400012789061293 3.0 
59.68400012789061293 0.0 
60.68400012789061293 4.0 
61.68400012789061293 7.0 
62.68400012789061293 12.0 
63.68400012789061293 11.0 
64.68400012789061293 1.0 
65.68400012789061293 2.0 
66.68400012789061293 2.0 
67.68400012789061293 3.0 
68.68400012789061293 2.0 
69.68400012789061293 4.0 
70.68400012789061293 4.0 
71.68400012789061293 7.0 
72.68400012789061293 5.0 
73.68400012789061293 5.0 
74.68400012789061293 1.0 
75.68400012789061293 2.0 
76.68400012789061293 2.0 
77.68400012789061293 4.0 
78.68400012789061293 3.0 
79.68400012789061293 3.0 
80.68400012789061293 9.0 
81.68400012789061293 7.0 
82.68400012789061293 3.0 
83.68400012789061293 4.0 
84.68400012789061293 1.0 
85.68400012789061293 1.0 
86.68400012789061293 1.0 
87.68400012789061293 3.0 
88.68400012789061293 1.0 
89.68400012789061293 5.0 
90.68400012789061293 3.0 
91.68400012789061293 6.0 
92.68400012789061293 6.0 
93.68400012789061293 6.0 
94.68400012789061293 3.0 
95.68400012789061293 3.0 
96.68400012789061293 1.0 
97.68400012789061293 1.0 
98.68400012789061293 2.0 
99.68400012789061293 7.0 
100.68400012789061293 4.0 
101.68400012789061293 4.0 
102.68400012789061293 6.0 
103.68400012789061293 4.0 
104.68400012789061293 2.0 
105.68400012789061293 2.0 
106.68400012789061293 6.0 
107.68400012789061293 5.0 
108.68400012789061293 3.0 
109.68400012789061293 3.0 
110.68400012789061293 4.0 
111.68400012789061293 3.0 
112.68400012789061293 0.0 
113.68400012789061293 6.0 
114.68400012789061293 3.0 
115.68400012789061293 4.0 
116.68400012789061293 3.0 
117.68400012789061293 2.0 
118.68400012789061293 8.0 
119.68400012789061293 5.0 
120.68400012789061293 10.0 
121.68400012789061293 1.0 
122.68400012789061293 1.0 
123.68400012789061293 2.0 
124.68400012789061293 0.0 
125.68400012789061293 5.0 
126.68400012789061293 6.0 
127.68400012789061293 6.0 
128.68400012789061293 3.0 
129.68400012789061293 5.0 
130.68400012789061293 1.0 
131.68400012789061293 0.0 
132.68400012789061293 2.0 
133.68400012789061293 2.0 
134.68400012789061293 2.0 
135.68400012789061293 4.0 
136.68400012789061293 5.0 
137.68400012789061293 3.0 
138.68400012789061293 7.0 
139.68400012789061293 1.0 
140.68400012789061293 2.0 
141.68400012789061293 1.0 
142.68400012789061293 2.0 
143.68400012789061293 4.0 
144.68400012789061293 3.0 
145.68400012789061293 5.0 
146.68400012789061293 7.0 
147.68400012789061293 5.0 
148.68400012789061293 6.0 
149.68400012789061293 5.0 
150.68400012789061293 2.0 
151.68400012789061293 3.0 
152.68400012789061293 4.0 
153.68400012789061293 3.0 
154.68400012789061293 4.0 
155.68400012789061293 11.0 
156.68400012789061293 7.0 
157.68400012789061293 8.0 
158.68400012789061293 3.0 
159.68400012789061293 3.0 
160.68400012789061293 0.0 
161.68400012789061293 4.0 
162.68400012789061293 2.0 
163.68400012789061293 7.0 
164.68400012789061293 9.0 
165.68400012789061293 9.0 
166.68400012789061293 6.0 
167.68400012789061293 4.0 
168.68400012789061293 2.0 
169.68400012789061293 2.0 
170.68400012789061293 2.0 
171.68400012789061293 2.0 
172.68400012789061293 3.0 
173.68400012789061293 5.0 
174.68400012789061293 9.0 
175.68400012789061293 4.0 
176.68400012789061293 2.0 
177.68400012789061293 5.0 
178.68400012789061293 3.0 
179.68400012789061293 5.0 
180.68400012789061293 2.0 
181.68400012789061293 2.0 
182.68400012789061293 3.0 
183.68400012789061293 10.0 
184.68400012789061293 6.0 
185.68400012789061293 6.0 
186.68400012789061293 1.0 
187.68400012789061293 1.0 
188.68400012789061293 2.0 
189.68400012789061293 3.0 
190.68400012789061293 4.0 
191.68400012789061293 8.0 
192.68400012789061293 6.0 
193.68400012789061293 9.0 
194.68400012789061293 4.0 
195.68400012789061293 3.0 
196.68400012789061293 0.0 
197.68400012789061293 4.0 
198.68400012789061293 5.0 
199.68400012789061293 1.0 
200.68400012789061293 2.0 
201.68400012789061293 12.0 
202.68400012789061293 7.0 
203.68400012789061293 8.0 
204.68400012789061293 7.0 
205.68400012789061293 2.0 
206.68400012789061293 3.0 
207.68400012789061293 2.0 
208.68400012789061293 1.0 
209.68400012789061293 2.0 
210.68400012789061293 5.0 
211.68400012789061293 5.0 
212.68400012789061293 6.0 
213.68400012789061293 2.0 
214.68400012789061293 1.0 
215.68400012789061293 3.0 
216.68400012789061293 1.0 
217.68400012789061293 2.0 
218.68400012789061293 1.0 
219.68400012789061293 1.0 
220.68400012789061293 6.0 
221.68400012789061293 5.0 
222.68400012789061293 4.0 
223.68400012789061293 0.0 
224.68400012789061293 2.0 
225.68400012789061293 2.0 
226.68400012789061293 1.0 
227.68400012789061293 4.0 
228.68400012789061293 3.0 
229.68400012789061293 2.0 
230.68400012789061293 2.0 
231.68400012789061293 2.0 
232.68400012789061293 5.0 
233.68400012789061293 0.0 
234.68400012789061293 0.0 
235.68400012789061293 2.0 
236.68400012789061293 5.0 
237.68400012789061293 4.0 
238.68400012789061293 4.0 
239.68400012789061293 3.0 
240.68400012789061293 5.0 
241.68400012789061293 5.0 
242.68400012789061293 1.0 
243.68400012789061293 2.0 
244.68400012789061293 2.0 
245.68400012789061293 2.0 
246.68400012789061293 1.0 
247.68400012789061293 5.0 
248.68400012789061293 6.0 
249.68400012789061293 6.0 
250.68400012789061293 8.0 
251.68400012789061293 1.0 
252.68400012789061293 1.0 
253.68400012789061293 2.0 
254.68400012789061293 1.0 
255.68400012789061293 4.0 
256.68400012789061293 2.0 
257.68400012789061293 7.0 
258.68400012789061293 3.0 
259.68400012789061293 7.0 
260.68400012789061293 10.0 
261.68400012789061293 3.0 
262.68400012789061293 0.0 
263.68400012789061293 4.0 
264.68400012789061293 1.0 
265.68400012789061293 2.0 
266.68400012789061293 5.0 
267.68400012789061293 4.0 
268.68400012789061293 3.0 
269.68400012789061293 2.0 
270.68400012789061293 2.0 
271.68400012789061293 3.0 
272.68400012789061293 3.0 
273.68400012789061293 4.0 
274.68400012789061293 4.0 
275.68400012789061293 2.0 
276.68400012789061293 10.0 
277.68400012789061293 1.0 
278.68400012789061293 8.0 
279.68400012789061293 2.0 
280.68400012789061293 1.0 
281.68400012789061293 5.0 
282.68400012789061293 1.0 
283.68400012789061293 4.0 
284.68400012789061293 9.0 
285.68400012789061293 6.0 
286.68400012789061293 7.0 
287.68400012789061293 3.0 
288.68400012789061293 2.0 
289.68400012789061293 4.0 
290.68400012789061293 4.0 
291.68400012789061293 4.0 
292.68400012789061293 3.0 
293.68400012789061293 3.0 
294.68400012789061293 2.0 
295.68400012789061293 11.0 
296.68400012789061293 5.0 
297.68400012789061293 4.0 
298.68400012789061293 1.0 
299.68400012789061293 1.0 
300.68400012789061293 1.0 
301.68400012789061293 4.0 
302.68400012789061293 4.0 
303.68400012789061293 12.0 
304.68400012789061293 15.0 
305.68400012789061293 7.0 
306.68400012789061293 5.0 
307.68400012789061293 3.0 
308.68400012789061293 3.0 
309.68400012789061293 2.0 
310.68400012789061293 2.0 
311.68400012789061293 2.0 
312.68400012789061293 8.0 
313.68400012789061293 9.0 
314.68400012789061293 9.0 
315.68400012789061293 3.0 
316.68400012789061293 7.0 
317.68400012789061293 3.0 
318.68400012789061293 3.0 
319.68400012789061293 2.0 
320.68400012789061293 3.0 
321.68400012789061293 1.0 
322.68400012789061293 3.0 
323.68400012789061293 7.0 
324.68400012789061293 7.0 
325.68400012789061293 5.0 
326.68400012789061293 3.0 
327.68400012789061293 7.0 
328.68400012789061293 1.0 
329.68400012789061293 3.0 
330.68400012789061293 1.0 
331.68400012789061293 8.0 
332.68400012789061293 6.0 
333.68400012789061293 7.0 
334.68400012789061293 5.0 
335.68400012789061293 4.0 
336.68400012789061293 1.0 
337.68400012789061293 3.0 
338.68400012789061293 4.0 
339.68400012789061293 2.0 
340.68400012789061293 5.0 
341.68400012789061293 9.0 
342.68400012789061293 9.0 
343.68400012789061293 6.0 
344.68400012789061293 9.0 
345.68400012789061293 4.0 
346.68400012789061293 0.0 
347.68400012789061293 4.0 
348.68400012789061293 8.0 
349.68400012789061293 4.0 
350.68400012789061293 7.0 
351.68400012789061293 8.0 
352.68400012789061293 7.0 
353.68400012789061293 11.0 
354.68400012789061293 1.0 
355.68400012789061293 4.0 
356.68400012789061293 5.0 
357.68400012789061293 4.0 
358.68400012789061293 0.0 
359.68400012789061293 7.0 
360.68400012789061293 12.0 
361.68400012789061293 8.0 
362.68400012789061293 7.0 
363.68400012789061293 2.0 
364.68400012789061293 2.0 
365.68400012789061293 3.0 
366.68400012789061293 5.0 
367.68400012789061293 6.0 
368.68400012789061293 4.0 
369.68400012789061293 7.0 
370.68400012789061293 7.0 
371.68400012789061293 6.0 
372.68400012789061293 7.0 
373.68400012789061293 3.0 
374.68400012789061293 1.0 
375.68400012789061293 3.0 
376.68400012789061293 1.0 
377.68400012789061293 10.0 
378.68400012789061293 8.0 
379.68400012789061293 7.0 
380.68400012789061293 6.0 
381.68400012789061293 8.0 
382.68400012789061293 4.0 
383.68400012789061293 1.0 
384.68400012789061293 4.0 
385.68400012789061293 3.0 
386.68400012789061293 6.0 
387.68400012789061293 4.0 
388.68400012789061293 8.0 
389.68400012789061293 11.0 
390.68400012789061293 3.0 
391.68400012789061293 2.0 
392.68400012789061293 2.0 
393.68400012789061293 3.0 
394.68400012789061293 2.0 
395.68400012789061293 3.0 
396.68400012789061293 4.0 
397.68400012789061293 6.0 
398.68400012789061293 5.0 
399.68400012789061293 14.0 
400.68400012789061293 5.0 
401.68400012789061293 3.0 
402.68400012789061293 5.0 
403.68400012789061293 3.0 
404.68400012789061293 1.0 
405.68400012789061293 2.0 
406.68400012789061293 8.0 
407.68400012789061293 6.0 
408.68400012789061293 2.0 
409.68400012789061293 3.0 
410.68400012789061293 0.0 
411.68400012789061293 2.0 
412.68400012789061293 2.0 
413.68400012789061293 3.0 
414.68400012789061293 4.0 
415.68400012789061293 5.0 
416.68400012789061293 5.0 
417.68400012789061293 3.0 
418.68400012789061293 3.0 
419.68400012789061293 2.0 
420.68400012789061293 2.0 
421.68400012789061293 1.0 
422.68400012789061293 4.0 
423.68400012789061293 5.0 
424.68400012789061293 9.0 
425.68400012789061293 6.0 
426.68400012789061293 7.0 
427.68400012789061293 8.0 
428.68400012789061293 3.0 
429.68400012789061293 5.0 
430.68400012789061293 1.0 
431.68400012789061293 2.0 
432.68400012789061293 3.0 
433.68400012789061293 2.0 
434.68400012789061293 8.0 
435.68400012789061293 6.0 
436.68400012789061293 4.0 
437.68400012789061293 1.0 
438.68400012789061293 3.0 
439.68400012789061293 4.0 
440.68400012789061293 0.0 
441.68400012789061293 7.0 
442.68400012789061293 8.0 
443.68400012789061293 11.0 
444.68400012789061293 6.0 
445.68400012789061293 10.0 
446.68400012789061293 5.0 
447.68400012789061293 2.0 
448.68400012789061293 2.0 
449.68400012789061293 5.0 
450.68400012789061293 2.0 
451.68400012789061293 1.0 
452.68400012789061293 5.0 
453.68400012789061293 1.0 
454.68400012789061293 6.0 
455.68400012789061293 4.0 
456.68400012789061293 2.0 
457.68400012789061293 2.0 
458.68400012789061293 1.0 
459.68400012789061293 5.0 
460.68400012789061293 4.0 
461.68400012789061293 5.0 
462.68400012789061293 6.0 
463.68400012789061293 2.0 
464.68400012789061293 5.0 
465.68400012789061293 4.0 
466.68400012789061293 1.0 
467.68400012789061293 1.0 
468.68400012789061293 2.0 
469.68400012789061293 3.0 
470.68400012789061293 4.0 
471.68400012789061293 3.0 
472.68400012789061293 3.0 
473.68400012789061293 4.0 
474.68400012789061293 7.0 
475.68400012789061293 3.0 
476.68400012789061293 3.0 
477.68400012789061293 1.0 
478.68400012789061293 3.0 
479.68400012789061293 9.0 
480.68400012789061293 4.0 
481.68400012789061293 7.0 
482.68400012789061293 5.0 
483.68400012789061293 6.0 
484.68400012789061293 5.0 
485.68400012789061293 1.0 
486.68400012789061293 3.0 
487.68400012789061293 5.0 
488.68400012789061293 3.0 
489.68400012789061293 5.0 
490.68400012789061293 8.0 
491.68400012789061293 3.0 
492.68400012789061293 10.0 
493.68400012789061293 4.0 
494.68400012789061293 3.0 
495.68400012789061293 2.0 
496.68400012789061293 5.0 
497.68400012789061293 2.0 
498.68400012789061293 2.0 
499.68400012789061293 11.0 
500.68400012789061293 12.0 
501.68400012789061293 6.0 
502.68400012789061293 4.0 
503.68400012789061293 5.0 
504.68400012789061293 3.0 
505.68400012789061293 4.0 
506.68400012789061293 5.0 
507.68400012789061293 9.0 
508.68400012789061293 7.0 
509.68400012789061293 7.0 
510.68400012789061293 3.0 
511.68400012789061293 7.0 
512.68400012789061293 4.0 
513.68400012789061293 4.0 
514.68400012789061293 4.0 
515.68400012789061293 2.0 
516.68400012789061293 2.0 
517.68400012789061293 6.0 
518.68400012789061293 10.0 
519.68400012789061293 6.0 
520.68400012789061293 6.0 
521.68400012789061293 2.0 
522.68400012789061293 3.0 
523.68400012789061293 5.0 
524.68400012789061293 2.0 
525.68400012789061293 3.0 
526.68400012789061293 4.0 
527.68400012789061293 3.0 
528.68400012789061293 4.0 
529.68400012789061293 6.0 
530.68400012789061293 4.0 
531.68400012789061293 2.0 
532.68400012789061293 2.0 
533.68400012789061293 2.0 
534.68400012789061293 3.0 
535.68400012789061293 7.0 
536.68400012789061293 6.0 
537.68400012789061293 5.0 
538.68400012789061293 1.0 
539.68400012789061293 9.0 
540.68400012789061293 5.0 
541.68400012789061293 0.0 
542.68400012789061293 4.0 
543.68400012789061293 6.0 
544.68400012789061293 4.0 
545.68400012789061293 5.0 
546.68400012789061293 6.0 
547.68400012789061293 7.0 
548.68400012789061293 8.0 
549.68400012789061293 6.0 
550.68400012789061293 2.0 
551.68400012789061293 1.0 
552.68400012789061293 4.0 
553.68400012789061293 2.0 
554.68400012789061293 3.0 
555.68400012789061293 6.0 
556.68400012789061293 6.0 
557.68400012789061293 6.0 
558.68400012789061293 4.0 
559.68400012789061293 1.0 
560.68400012789061293 3.0 
561.68400012789061293 5.0 
562.68400012789061293 3.0 
563.68400012789061293 3.0 
564.68400012789061293 5.0 
565.68400012789061293 9.0 
566.68400012789061293 5.0 
567.68400012789061293 4.0 
568.68400012789061293 4.0 
569.68400012789061293 3.0 
570.68400012789061293 4.0 
571.68400012789061293 3.0 
572.68400012789061293 4.0 
573.68400012789061293 6.0 
574.68400012789061293 6.0 
575.68400012789061293 4.0 
576.68400012789061293 6.0 
577.68400012789061293 9.0 
578.68400012789061293 3.0 
579.68400012789061293 2.0 
580.68400012789061293 5.0 
581.68400012789061293 4.0 
582.68400012789061293 5.0 
583.68400012789061293 6.0 
584.68400012789061293 13.0 
585.68400012789061293 5.0 
586.68400012789061293 10.0 
587.68400012789061293 2.0 
588.68400012789061293 2.0 
589.68400012789061293 4.0 
590.68400012789061293 1.0 
591.68400012789061293 2.0 
592.68400012789061293 5.0 
593.68400012789061293 9.0 
594.68400012789061293 8.0 
595.68400012789061293 8.0 
596.68400012789061293 5.0 
597.68400012789061293 4.0 
598.68400012789061293 1.0 
599.68400012789061293 2.0 
600.68400012789061293 2.0 
601.68400012789061293 8.0 
602.68400012789061293 9.0 
603.68400012789061293 10.0 
604.68400012789061293 6.0 
605.68400012789061293 1.0 
606.68400012789061293 6.0 
607.68400012789061293 2.0 
608.68400012789061293 1.0 
609.68400012789061293 2.0 
610.68400012789061293 9.0 
611.68400012789061293 0.0 
612.68400012789061293 6.0 
613.68400012789061293 7.0 
614.68400012789061293 4.0 
615.68400012789061293 4.0 
616.68400012789061293 5.0 
617.68400012789061293 2.0 
618.68400012789061293 1.0 
619.68400012789061293 7.0 
620.68400012789061293 5.0 
621.68400012789061293 9.0 
622.68400012789061293 3.0 
623.68400012789061293 7.0 
624.68400012789061293 1.0 
625.68400012789061293 3.0 
626.68400012789061293 3.0 
627.68400012789061293 3.0 
628.68400012789061293 5.0 
629.68400012789061293 6.0 
630.68400012789061293 5.0 
631.68400012789061293 3.0 
632.68400012789061293 3.0 
633.68400012789061293 1.0 
634.68400012789061293 1.0 
635.68400012789061293 4.0 
636.68400012789061293 1.0 
637.68400012789061293 1.0 
638.68400012789061293 3.0 
639.68400012789061293 5.0 
640.68400012789061293 8.0 
641.68400012789061293 2.0 
642.68400012789061293 0.0 
643.68400012789061293 5.0 
644.68400012789061293 2.0 
645.68400012789061293 4.0 
646.68400012789061293 4.0 
647.68400012789061293 1.0 
648.68400012789061293 7.0 
649.68400012789061293 11.0 
650.68400012789061293 3.0 
651.68400012789061293 8.0 
652.68400012789061293 2.0 
653.68400012789061293 2.0 
654.68400012789061293 3.0 
655.68400012789061293 5.0 
656.68400012789061293 4.0 
657.68400012789061293 3.0 
658.68400012789061293 3.0 
659.68400012789061293 11.0 
660.68400012789061293 8.0 
661.68400012789061293 2.0 
662.68400012789061293 2.0 
663.68400012789061293 0.0 
664.68400012789061293 1.0 
665.68400012789061293 0.0 
666.68400012789061293 7.0 
667.68400012789061293 7.0 
668.68400012789061293 7.0 
669.68400012789061293 2.0 
670.68400012789061293 2.0 
671.68400012789061293 4.0 
672.68400012789061293 0.0 
673.68400012789061293 4.0 
674.68400012789061293 4.0 
675.68400012789061293 6.0 
676.68400012789061293 7.0 
677.68400012789061293 5.0 
678.68400012789061293 6.0 
679.68400012789061293 3.0 
680.68400012789061293 1.0 
681.68400012789061293 0.0 
682.68400012789061293 0.0 
683.68400012789061293 1.0 
684.68400012789061293 3.0 
685.68400012789061293 3.0 
686.68400012789061293 4.0 
687.68400012789061293 10.0 
688.68400012789061293 3.0 
689.68400012789061293 4.0 
690.68400012789061293 2.0 
691.68400012789061293 3.0 
692.68400012789061293 3.0 
693.68400012789061293 5.0 
694.68400012789061293 6.0 
695.68400012789061293 7.0 
696.68400012789061293 8.0 
697.68400012789061293 3.0 
698.68400012789061293 2.0 
699.68400012789061293 1.0 
700.68400012789061293 1.0 
701.68400012789061293 2.0 
702.68400012789061293 3.0 
703.68400012789061293 4.0 
704.68400012789061293 2.0 
705.68400012789061293 7.0 
706.68400012789061293 4.0 
707.68400012789061293 3.0 
708.68400012789061293 5.0 
709.68400012789061293 2.0 
710.68400012789061293 0.0 
711.68400012789061293 2.0 
712.68400012789061293 6.0 
713.68400012789061293 5.0 
714.68400012789061293 9.0 
715.68400012789061293 2.0 
716.68400012789061293 4.0 
717.68400012789061293 4.0 
718.68400012789061293 5.0 
719.68400012789061293 3.0 
720.68400012789061293 3.0 
721.68400012789061293 1.0 
722.68400012789061293 4.0 
723.68400012789061293 10.0 
724.68400012789061293 11.0 
725.68400012789061293 8.0 
726.68400012789061293 2.0 
727.68400012789061293 2.0 
728.68400012789061293 2.0 
729.68400012789061293 4.0 
730.68400012789061293 4.0 
731.68400012789061293 6.0 
732.68400012789061293 10.0 
733.68400012789061293 5.0 
734.68400012789061293 5.0 
735.68400012789061293 3.0 
736.68400012789061293 0.0 
737.68400012789061293 3.0 
738.68400012789061293 5.0 
739.68400012789061293 3.0 
740.68400012789061293 4.0 
741.68400012789061293 5.0 
742.68400012789061293 6.0 
743.68400012789061293 7.0 
744.68400012789061293 3.0 
745.68400012789061293 0.0 
746.68400012789061293 2.0 
747.68400012789061293 2.0 
748.68400012789061293 2.0 
749.68400012789061293 1.0 
750.68400012789061293 5.0 
751.68400012789061293 8.0 
752.68400012789061293 6.0 
753.68400012789061293 5.0 
754.68400012789061293 2.0 
755.68400012789061293 3.0 
756.68400012789061293 0.0 
757.68400012789061293 1.0 
758.68400012789061293 2.0 
759.68400012789061293 10.0 
760.68400012789061293 4.0 
761.68400012789061293 6.0 
762.68400012789061293 5.0 
763.68400012789061293 2.0 
764.68400012789061293 2.0 
765.68400012789061293 1.0 
766.68400012789061293 4.0 
767.68400012789061293 2.0 
768.68400012789061293 6.0 
769.68400012789061293 8.0 
770.68400012789061293 7.0 
771.68400012789061293 3.0 
772.68400012789061293 3.0 
773.68400012789061293 3.0 
774.68400012789061293 1.0 
775.68400012789061293 5.0 
776.68400012789061293 2.0 
777.68400012789061293 5.0 
778.68400012789061293 3.0 
779.68400012789061293 4.0 
780.68400012789061293 4.0 
781.68400012789061293 2.0 
782.68400012789061293 2.0 
783.68400012789061293 5.0 
784.68400012789061293 4.0 
785.68400012789061293 5.0 
786.68400012789061293 2.0 
787.68400012789061293 6.0 
788.68400012789061293 6.0 
789.68400012789061293 6.0 
790.68400012789061293 4.0 
791.68400012789061293 2.0 
792.68400012789061293 2.0 
793.68400012789061293 1.0 
794.68400012789061293 1.0 
795.68400012789061293 2.0 
796.68400012789061293 8.0 
797.68400012789061293 2.0 
798.68400012789061293 2.0 
799.68400012789061293 6.0 
800.68400012789061293 3.0 
801.68400012789061293 2.0 
802.68400012789061293 2.0 
803.68400012789061293 2.0 
804.68400012789061293 2.0 
805.68400012789061293 4.0 
806.68400012789061293 4.0 
807.68400012789061293 2.0 
808.68400012789061293 7.0 
809.68400012789061293 3.0 
810.68400012789061293 1.0 
811.68400012789061293 1.0 
812.68400012789061293 2.0 
813.68400012789061293 5.0 
814.68400012789061293 0.0 
815.68400012789061293 1.0 
816.68400012789061293 5.0 
817.68400012789061293 5.0 
818.68400012789061293 4.0 
819.68400012789061293 2.0 
820.68400012789061293 6.0 
821.68400012789061293 3.0 
822.68400012789061293 1.0 
823.68400012789061293 1.0 
824.68400012789061293 5.0 
825.68400012789061293 9.0 
826.68400012789061293 5.0 
827.68400012789061293 6.0 
828.68400012789061293 1.0 
829.68400012789061293 0.0 
830.68400012789061293 3.0 
831.68400012789061293 4.0 
832.68400012789061293 1.0 
833.68400012789061293 4.0 
834.68400012789061293 7.0 
835.68400012789061293 3.0 
836.68400012789061293 8.0 
837.68400012789061293 1.0 
838.68400012789061293 1.0 
839.68400012789061293 6.0 
840.68400012789061293 3.0 
841.68400012789061293 6.0 
842.68400012789061293 5.0 
843.68400012789061293 8.0 
844.68400012789061293 6.0 
845.68400012789061293 1.0 
846.68400012789061293 3.0 
847.68400012789061293 1.0 
848.68400012789061293 1.0 
849.68400012789061293 7.0 
850.68400012789061293 4.0 
851.68400012789061293 5.0 
852.68400012789061293 2.0 
853.68400012789061293 6.0 
854.68400012789061293 11.0 
855.68400012789061293 4.0 
856.68400012789061293 2.0 
857.68400012789061293 1.0 
858.68400012789061293 5.0 
859.68400012789061293 2.0 
860.68400012789061293 2.0 
861.68400012789061293 2.0 
862.68400012789061293 8.0 
863.68400012789061293 8.0 
864.68400012789061293 6.0 
865.68400012789061293 0.0 
866.68400012789061293 6.0 
867.68400012789061293 3.0 
868.68400012789061293 2.0 
869.68400012789061293 5.0 
870.68400012789061293 2.0 
871.68400012789061293 5.0 
872.68400012789061293 8.0 
873.68400012789061293 2.0 
874.68400012789061293 8.0 
875.68400012789061293 1.0 
876.68400012789061293 2.0 
877.68400012789061293 3.0 
878.68400012789061293 3.0 
879.68400012789061293 2.0 
880.68400012789061293 6.0 
881.68400012789061293 9.0 
882.68400012789061293 2.0 
883.68400012789061293 8.0 
884.68400012789061293 1.0 
885.68400012789061293 2.0 
886.68400012789061293 4.0 
887.68400012789061293 0.0 
888.68400012789061293 2.0 
889.68400012789061293 5.0 
890.68400012789061293 8.0 
891.68400012789061293 9.0 
892.68400012789061293 4.0 
893.68400012789061293 1.0 
894.68400012789061293 3.0 
895.68400012789061293 1.0 
896.68400012789061293 5.0 
897.68400012789061293 3.0 
898.68400012789061293 1.0 
899.68400012789061293 7.0 
900.68400012789061293 5.0 
901.68400012789061293 9.0 
902.68400012789061293 0.0 
903.68400012789061293 2.0 
904.68400012789061293 1.0 
905.68400012789061293 1.0 
906.68400012789061293 2.0 
907.68400012789061293 8.0 
908.68400012789061293 8.0 
909.68400012789061293 8.0 
910.68400012789061293 2.0 
911.68400012789061293 2.0 
912.68400012789061293 1.0 
913.68400012789061293 3.0 
914.68400012789061293 3.0 
915.68400012789061293 2.0 
916.68400012789061293 3.0 
917.68400012789061293 9.0 
918.68400012789061293 6.0 
919.68400012789061293 7.0 
920.68400012789061293 6.0 
921.68400012789061293 2.0 
922.68400012789061293 2.0 
923.68400012789061293 3.0 
924.68400012789061293 1.0 
925.68400012789061293 2.0 
926.68400012789061293 5.0 
927.68400012789061293 6.0 
928.68400012789061293 5.0 
929.68400012789061293 5.0 
930.68400012789061293 6.0 
931.68400012789061293 2.0 
932.68400012789061293 2.0 
933.68400012789061293 1.0 
934.68400012789061293 4.0 
935.68400012789061293 1.0 
936.68400012789061293 5.0 
937.68400012789061293 9.0 
938.68400012789061293 2.0 
939.68400012789061293 6.0 
940.68400012789061293 3.0 
941.68400012789061293 3.0 
942.68400012789061293 6.0 
943.68400012789061293 1.0 
944.68400012789061293 4.0 
945.68400012789061293 5.0 
946.68400012789061293 8.0 
947.68400012789061293 4.0 
948.68400012789061293 6.0 
949.68400012789061293 1.0 
950.68400012789061293 2.0 
951.68400012789061293 0.0 
952.68400012789061293 4.0 
953.68400012789061293 1.0 
954.68400012789061293 6.0 
955.68400012789061293 7.0 
956.68400012789061293 12.0 
957.68400012789061293 6.0 
958.68400012789061293 3.0 
959.68400012789061293 4.0 
960.68400012789061293 1.0 
961.68400012789061293 3.0 
962.68400012789061293 2.0 
963.68400012789061293 5.0 
964.68400012789061293 1.0 
965.68400012789061293 6.0 
966.68400012789061293 3.0 
967.68400012789061293 1.0 
968.68400012789061293 2.0 
969.68400012789061293 1.0 
970.68400012789061293 2.0 
971.68400012789061293 1.0 
972.68400012789061293 2.0 
973.68400012789061293 2.0 
974.68400012789061293 10.0 
975.68400012789061293 7.0 
976.68400012789061293 2.0 
977.68400012789061293 0.0 
978.68400012789061293 2.0 
979.68400012789061293 5.0 
980.68400012789061293 4.0 
981.68400012789061293 4.0 
982.68400012789061293 3.0 
983.68400012789061293 6.0 
984.68400012789061293 3.0 
985.68400012789061293 5.0 
986.68400012789061293 1.0 
987.68400012789061293 2.0 
988.68400012789061293 6.0 
989.68400012789061293 1.0 
990.68400012789061293 2.0 
991.68400012789061293 4.0 
992.68400012789061293 4.0 
993.68400012789061293 8.0 
994.68400012789061293 7.0 
995.68400012789061293 4.0 
996.68400012789061293 3.0 
997.68400012789061293 3.0 
998.68400012789061293 6.0 
999.68400012789061293 3.0 
1000.68400012789061293 2.0 
1001.68400012789061293 4.0 
1002.68400012789061293 9.0 
1003.68400012789061293 9.0 
1004.68400012789061293 0.0 
1005.68400012789061293 1.0 
1006.68400012789061293 2.0 
1007.68400012789061293 3.0 
1008.68400012789061293 5.0 
1009.68400012789061293 3.0 
1010.68400012789061293 3.0 
1011.68400012789061293 8.0 
1012.68400012789061293 7.0 
1013.68400012789061293 6.0 
1014.68400012789061293 2.0 
1015.68400012789061293 3.0 
1016.68400012789061293 3.0 
1017.68400012789061293 2.0 
1018.68400012789061293 6.0 
1019.68400012789061293 10.0 
1020.68400012789061293 5.0 
1021.68400012789061293 8.0 
1022.68400012789061293 6.0 
1023.68400012789061293 6.0 
1024.6840001278906129 2.0 
1025.6840001278906129 0.0 
1026.6840001278906129 2.0 
1027.6840001278906129 4.0 
1028.6840001278906129 2.0 
1029.6840001278906129 9.0 
1030.6840001278906129 10.0 
1031.6840001278906129 3.0 
1032.6840001278906129 3.0 
1033.6840001278906129 3.0 
1034.6840001278906129 3.0 
1035.6840001278906129 3.0 
1036.6840001278906129 5.0 
1037.6840001278906129 3.0 
1038.6840001278906129 6.0 
1039.6840001278906129 5.0 
1040.6840001278906129 3.0 
1041.6840001278906129 8.0 
1042.6840001278906129 1.0 
1043.6840001278906129 1.0 
1044.6840001278906129 4.0 
1045.6840001278906129 5.0 
1046.6840001278906129 6.0 
1047.6840001278906129 2.0 
1048.6840001278906129 8.0 
1049.6840001278906129 4.0 
1050.6840001278906129 10.0 
1051.6840001278906129 3.0 
1052.6840001278906129 3.0 
1053.6840001278906129 1.0 
1054.6840001278906129 2.0 
1055.6840001278906129 3.0 
1056.6840001278906129 9.0 
1057.6840001278906129 7.0 
1058.6840001278906129 5.0 
1059.6840001278906129 3.0 
1060.6840001278906129 3.0 
1061.6840001278906129 3.0 
1062.6840001278906129 0.0 
1063.6840001278906129 3.0 
1064.6840001278906129 4.0 
1065.6840001278906129 2.0 
1066.6840001278906129 0.0 
1067.6840001278906129 11.0 
1068.6840001278906129 9.0 
1069.6840001278906129 4.0 
1070.6840001278906129 3.0 
1071.6840001278906129 1.0 
1072.6840001278906129 2.0 
1073.6840001278906129 0.0 
1074.6840001278906129 4.0 
1075.6840001278906129 3.0 
1076.6840001278906129 7.0 
1077.6840001278906129 8.0 
1078.6840001278906129 5.0 
1079.6840001278906129 7.0 
1080.6840001278906129 0.0 
1081.6840001278906129 3.0 
1082.6840001278906129 1.0 
1083.6840001278906129 4.0 
1084.6840001278906129 2.0 
1085.6840001278906129 5.0 
1086.6840001278906129 6.0 
1087.6840001278906129 5.0 
1088.6840001278906129 5.0 
1089.6840001278906129 0.0 
1090.6840001278906129 1.0 
1091.6840001278906129 6.0 
1092.6840001278906129 4.0 
1093.6840001278906129 4.0 
1094.6840001278906129 5.0 
1095.6840001278906129 4.0 
1096.6840001278906129 4.0 
1097.6840001278906129 0.0 
1098.6840001278906129 2.0 
1099.6840001278906129 0.0 
1100.6840001278906129 3.0 
1101.6840001278906129 4.0 
1102.6840001278906129 0.0 
1103.6840001278906129 4.0 
1104.6840001278906129 3.0 
1105.6840001278906129 9.0 
1106.6840001278906129 6.0 
1107.6840001278906129 1.0 
1108.6840001278906129 7.0 
1109.6840001278906129 4.0 
1110.6840001278906129 3.0 
1111.6840001278906129 2.0 
1112.6840001278906129 4.0 
1113.6840001278906129 7.0 
1114.6840001278906129 8.0 
1115.6840001278906129 7.0 
1116.6840001278906129 3.0 
1117.6840001278906129 1.0 
1118.6840001278906129 1.0 
1119.6840001278906129 5.0 
1120.6840001278906129 2.0 
1121.6840001278906129 6.0 
1122.6840001278906129 1.0 
1123.6840001278906129 9.0 
1124.6840001278906129 1.0 
1125.6840001278906129 4.0 
1126.6840001278906129 1.0 
1127.6840001278906129 3.0 
1128.6840001278906129 3.0 
1129.6840001278906129 4.0 
1130.6840001278906129 4.0 
1131.6840001278906129 10.0 
1132.6840001278906129 12.0 
1133.6840001278906129 5.0 
1134.6840001278906129 4.0 
1135.6840001278906129 4.0 
1136.6840001278906129 3.0 
1137.6840001278906129 3.0 
1138.6840001278906129 7.0 
1139.6840001278906129 4.0 
1140.6840001278906129 5.0 
1141.6840001278906129 4.0 
1142.6840001278906129 7.0 
1143.6840001278906129 5.0 
1144.6840001278906129 4.0 
1145.6840001278906129 3.0 
1146.6840001278906129 3.0 
1147.6840001278906129 2.0 
1148.6840001278906129 6.0 
1149.6840001278906129 2.0 
1150.6840001278906129 4.0 
1151.6840001278906129 3.0 
1152.6840001278906129 7.0 
1153.6840001278906129 6.0 
1154.6840001278906129 3.0 
1155.6840001278906129 3.0 
1156.6840001278906129 3.0 
1157.6840001278906129 4.0 
1158.6840001278906129 6.0 
1159.6840001278906129 5.0 
1160.6840001278906129 4.0 
1161.6840001278906129 6.0 
1162.6840001278906129 3.0 
1163.6840001278906129 4.0 
1164.6840001278906129 6.0 
1165.6840001278906129 1.0 
1166.6840001278906129 2.0 
1167.6840001278906129 2.0 
1168.6840001278906129 8.0 
1169.6840001278906129 8.0 
1170.6840001278906129 4.0 
1171.6840001278906129 8.0 
1172.6840001278906129 1.0 
1173.6840001278906129 2.0 
1174.6840001278906129 2.0 
1175.6840001278906129 6.0 
1176.6840001278906129 1.0 
1177.6840001278906129 4.0 
1178.6840001278906129 9.0 
1179.6840001278906129 11.0 
1180.6840001278906129 4.0 
1181.6840001278906129 0.0 
1182.6840001278906129 1.0 
1183.6840001278906129 3.0 
1184.6840001278906129 3.0 
1185.6840001278906129 4.0 
1186.6840001278906129 1.0 
1187.6840001278906129 4.0 
1188.6840001278906129 5.0 
1189.6840001278906129 3.0 
1190.6840001278906129 6.0 
1191.6840001278906129 2.0 
1192.6840001278906129 2.0 
1193.6840001278906129 1.0 
1194.6840001278906129 4.0 
1195.6840001278906129 3.0 
1196.6840001278906129 2.0 
1197.6840001278906129 4.0 
1198.6840001278906129 4.0 
1199.6840001278906129 6.0 
1200.6840001278906129 1.0 
1201.6840001278906129 4.0 
1202.6840001278906129 2.0 
1203.6840001278906129 4.0 
1204.6840001278906129 3.0 
1205.6840001278906129 3.0 
1206.6840001278906129 5.0 
1207.6840001278906129 3.0 
1208.6840001278906129 1.0 
1209.6840001278906129 3.0 
1210.6840001278906129 2.0 
1211.6840001278906129 5.0 
1212.6840001278906129 1.0 
1213.6840001278906129 1.0 
1214.6840001278906129 1.0 
1215.6840001278906129 8.0 
1216.6840001278906129 4.0 
1217.6840001278906129 5.0 
1218.6840001278906129 4.0 
1219.6840001278906129 3.0 
1220.6840001278906129 2.0 
1221.6840001278906129 4.0 
1222.6840001278906129 0.0 
1223.6840001278906129 4.0 
1224.6840001278906129 5.0 
1225.6840001278906129 6.0 
1226.6840001278906129 6.0 
1227.6840001278906129 2.0 
1228.6840001278906129 2.0 
1229.6840001278906129 4.0 
1230.6840001278906129 0.0 
1231.6840001278906129 5.0 
1232.6840001278906129 1.0 
1233.6840001278906129 10.0 
1234.6840001278906129 7.0 
1235.6840001278906129 6.0 
1236.6840001278906129 3.0 
1237.6840001278906129 3.0 
1238.6840001278906129 1.0 
1239.6840001278906129 2.0 
1240.6840001278906129 5.0 
1241.6840001278906129 3.0 
1242.6840001278906129 3.0 
1243.6840001278906129 6.0 
1244.6840001278906129 5.0 
1245.6840001278906129 4.0 
1246.6840001278906129 4.0 
1247.6840001278906129 4.0 
1248.6840001278906129 4.0 
1249.6840001278906129 3.0 
1250.6840001278906129 5.0 
1251.6840001278906129 4.0 
1252.6840001278906129 9.0 
1253.6840001278906129 8.0 
1254.6840001278906129 10.0 
1255.6840001278906129 3.0 
1256.6840001278906129 2.0 
1257.6840001278906129 5.0 
1258.6840001278906129 6.0 
1259.6840001278906129 4.0 
1260.6840001278906129 4.0 
1261.6840001278906129 7.0 
1262.6840001278906129 10.0 
1263.6840001278906129 6.0 
1264.6840001278906129 8.0 
1265.6840001278906129 3.0 
1266.6840001278906129 4.0 
1267.6840001278906129 1.0 
1268.6840001278906129 2.0 
1269.6840001278906129 3.0 
1270.6840001278906129 4.0 
1271.6840001278906129 9.0 
1272.6840001278906129 6.0 
1273.6840001278906129 3.0 
1274.6840001278906129 1.0 
1275.6840001278906129 1.0 
1276.6840001278906129 6.0 
1277.6840001278906129 0.0 
1278.6840001278906129 3.0 
1279.6840001278906129 7.0 
1280.6840001278906129 9.0 
1281.6840001278906129 11.0 
1282.6840001278906129 8.0 
1283.6840001278906129 4.0 
1284.6840001278906129 6.0 
1285.6840001278906129 2.0 
1286.6840001278906129 2.0 
1287.6840001278906129 5.0 
1288.6840001278906129 4.0 
1289.6840001278906129 7.0 
1290.6840001278906129 6.0 
1291.6840001278906129 7.0 
1292.6840001278906129 7.0 
1293.6840001278906129 3.0 
1294.6840001278906129 2.0 
1295.6840001278906129 6.0 
1296.6840001278906129 4.0 
1297.6840001278906129 3.0 
1298.6840001278906129 1.0 
1299.6840001278906129 4.0 
1300.6840001278906129 6.0 
1301.6840001278906129 2.0 
1302.6840001278906129 3.0 
1303.6840001278906129 1.0 
1304.6840001278906129 3.0 
1305.6840001278906129 2.0 
1306.6840001278906129 3.0 
1307.6840001278906129 2.0 
1308.6840001278906129 3.0 
1309.6840001278906129 4.0 
1310.6840001278906129 6.0 
1311.6840001278906129 4.0 
1312.6840001278906129 0.0 
1313.6840001278906129 2.0 
1314.6840001278906129 3.0 
1315.6840001278906129 3.0 
1316.6840001278906129 3.0 
1317.6840001278906129 5.0 
1318.6840001278906129 14.0 
1319.6840001278906129 15.0 
1320.6840001278906129 8.0 
1321.6840001278906129 3.0 
1322.6840001278906129 2.0 
1323.6840001278906129 6.0 
1324.6840001278906129 0.0 
1325.6840001278906129 2.0 
1326.6840001278906129 3.0 
1327.6840001278906129 6.0 
1328.6840001278906129 6.0 
1329.6840001278906129 4.0 
1330.6840001278906129 4.0 
1331.6840001278906129 4.0 
1332.6840001278906129 1.0 
1333.6840001278906129 2.0 
1334.6840001278906129 5.0 
1335.6840001278906129 6.0 
1336.6840001278906129 6.0 
1337.6840001278906129 9.0 
1338.6840001278906129 10.0 
1339.6840001278906129 5.0 
1340.6840001278906129 5.0 
1341.6840001278906129 2.0 
1342.6840001278906129 1.0 
1343.6840001278906129 3.0 
1344.6840001278906129 1.0 
1345.6840001278906129 10.0 
1346.6840001278906129 11.0 
1347.6840001278906129 8.0 
1348.6840001278906129 5.0 
1349.6840001278906129 1.0 
1350.6840001278906129 4.0 
1351.6840001278906129 7.0 
1352.6840001278906129 1.0 
1353.6840001278906129 2.0 
1354.6840001278906129 8.0 
1355.6840001278906129 6.0 
1356.6840001278906129 7.0 
1357.6840001278906129 7.0 
1358.6840001278906129 4.0 
1359.6840001278906129 1.0 
1360.6840001278906129 0.0 
1361.6840001278906129 3.0 
1362.6840001278906129 2.0 
1363.6840001278906129 3.0 
1364.6840001278906129 9.0 
1365.6840001278906129 8.0 
1366.6840001278906129 7.0 
1367.6840001278906129 4.0 
1368.6840001278906129 1.0 
1369.6840001278906129 1.0 
1370.6840001278906129 1.0 
1371.6840001278906129 2.0 
1372.6840001278906129 3.0 
1373.6840001278906129 3.0 
1374.6840001278906129 7.0 
1375.6840001278906129 2.0 
1376.6840001278906129 6.0 
1377.6840001278906129 2.0 
1378.6840001278906129 1.0 
1379.6840001278906129 0.0 
1380.6840001278906129 3.0 
1381.6840001278906129 5.0 
1382.6840001278906129 8.0 
1383.6840001278906129 8.0 
1384.6840001278906129 8.0 
1385.6840001278906129 4.0 
1386.6840001278906129 3.0 
1387.6840001278906129 2.0 
1388.6840001278906129 4.0 
1389.6840001278906129 2.0 
1390.6840001278906129 6.0 
1391.6840001278906129 9.0 
1392.6840001278906129 1.0 
1393.6840001278906129 6.0 
1394.6840001278906129 2.0 
1395.6840001278906129 8.0 
1396.6840001278906129 0.0 
1397.6840001278906129 2.0 
1398.6840001278906129 5.0 
1399.6840001278906129 2.0 
1400.6840001278906129 5.0 
1401.6840001278906129 7.0 
1402.6840001278906129 4.0 
1403.6840001278906129 2.0 
1404.6840001278906129 3.0 
1405.6840001278906129 6.0 
1406.6840001278906129 4.0 
1407.6840001278906129 1.0 
1408.6840001278906129 4.0 
1409.6840001278906129 5.0 
1410.6840001278906129 5.0 
1411.6840001278906129 5.0 
1412.6840001278906129 6.0 
1413.6840001278906129 3.0 
1414.6840001278906129 3.0 
1415.6840001278906129 1.0 
1416.6840001278906129 0.0 
1417.6840001278906129 2.0 
1418.6840001278906129 0.0 
1419.6840001278906129 2.0 
1420.6840001278906129 3.0 
1421.6840001278906129 3.0 
1422.6840001278906129 5.0 
1423.6840001278906129 4.0 
1424.6840001278906129 0.0 
1425.6840001278906129 2.0 
1426.6840001278906129 2.0 
1427.6840001278906129 2.0 
1428.6840001278906129 5.0 
1429.6840001278906129 4.0 
1430.6840001278906129 3.0 
1431.6840001278906129 7.0 
1432.6840001278906129 4.0 
1433.6840001278906129 2.0 
1434.6840001278906129 1.0 
1435.6840001278906129 6.0 
1436.6840001278906129 3.0 
1437.6840001278906129 4.0 
1438.6840001278906129 6.0 
1439.6840001278906129 8.0 
1440.6840001278906129 12.0 
1441.6840001278906129 3.0 
1442.6840001278906129 3.0 
1443.6840001278906129 2.0 
1444.6840001278906129 4.0 
1445.6840001278906129 4.0 
1446.6840001278906129 2.0 
1447.6840001278906129 4.0 
1448.6840001278906129 11.0 
1449.6840001278906129 2.0 
1450.6840001278906129 2.0 
1451.6840001278906129 5.0 
1452.6840001278906129 1.0 
1453.6840001278906129 1.0 
1454.6840001278906129 3.0 
1455.6840001278906129 3.0 
1456.6840001278906129 3.0 
1457.6840001278906129 7.0 
1458.6840001278906129 8.0 
1459.6840001278906129 4.0 
1460.6840001278906129 5.0 
1461.6840001278906129 2.0 
1462.6840001278906129 1.0 
1463.6840001278906129 2.0 
1464.6840001278906129 2.0 
1465.6840001278906129 4.0 
1466.6840001278906129 6.0 
1467.6840001278906129 5.0 
1468.6840001278906129 4.0 
1469.6840001278906129 5.0 
1470.6840001278906129 4.0 
1471.6840001278906129 2.0 
1472.6840001278906129 3.0 
1473.6840001278906129 1.0 
1474.6840001278906129 2.0 
1475.6840001278906129 6.0 
1476.6840001278906129 7.0 
1477.6840001278906129 7.0 
1478.6840001278906129 3.0 
1479.6840001278906129 4.0 
1480.6840001278906129 8.0 
1481.6840001278906129 2.0 
1482.6840001278906129 3.0 
1483.6840001278906129 5.0 
1484.6840001278906129 4.0 
1485.6840001278906129 7.0 
1486.6840001278906129 7.0 
1487.6840001278906129 7.0 
1488.6840001278906129 2.0 
1489.6840001278906129 0.0 
1490.6840001278906129 3.0 
1491.6840001278906129 3.0 
1492.6840001278906129 1.0 
1493.6840001278906129 1.0 
1494.6840001278906129 7.0 
1495.6840001278906129 11.0 
1496.6840001278906129 4.0 
1497.6840001278906129 2.0 
1498.6840001278906129 1.0 
1499.6840001278906129 1.0 
1500.6840001278906129 2.0 
1501.6840001278906129 3.0 
1502.6840001278906129 6.0 
1503.6840001278906129 9.0 
1504.6840001278906129 3.0 
1505.6840001278906129 10.0 
1506.6840001278906129 8.0 
1507.6840001278906129 5.0 
1508.6840001278906129 3.0 
1509.6840001278906129 2.0 
1510.6840001278906129 4.0 
1511.6840001278906129 8.0 
1512.6840001278906129 9.0 
1513.6840001278906129 8.0 
1514.6840001278906129 7.0 
1515.6840001278906129 3.0 
1516.6840001278906129 3.0 
1517.6840001278906129 2.0 
1518.6840001278906129 4.0 
1519.6840001278906129 3.0 
1520.6840001278906129 1.0 
1521.6840001278906129 4.0 
1522.6840001278906129 7.0 
1523.6840001278906129 4.0 
1524.6840001278906129 1.0 
1525.6840001278906129 5.0 
1526.6840001278906129 4.0 
1527.6840001278906129 2.0 
1528.6840001278906129 2.0 
1529.6840001278906129 2.0 
1530.6840001278906129 2.0 
1531.6840001278906129 3.0 
1532.6840001278906129 5.0 
1533.6840001278906129 7.0 
1534.6840001278906129 3.0 
1535.6840001278906129 2.0 
1536.6840001278906129 1.0 
1537.6840001278906129 7.0 
1538.6840001278906129 0.0 
1539.6840001278906129 1.0 
1540.6840001278906129 4.0 
1541.6840001278906129 10.0 
1542.6840001278906129 6.0 
1543.6840001278906129 4.0 
1544.6840001278906129 3.0 
1545.6840001278906129 5.0 
1546.6840001278906129 5.0 
1547.6840001278906129 2.0 
1548.6840001278906129 3.0 
1549.6840001278906129 2.0 
1550.6840001278906129 4.0 
1551.6840001278906129 4.0 
1552.6840001278906129 4.0 
1553.6840001278906129 7.0 
1554.6840001278906129 2.0 
1555.6840001278906129 2.0 
1556.6840001278906129 3.0 
1557.6840001278906129 1.0 
1558.6840001278906129 4.0 
1559.6840001278906129 4.0 
1560.6840001278906129 2.0 
1561.6840001278906129 4.0 
1562.6840001278906129 3.0 
1563.6840001278906129 1.0 
1564.6840001278906129 1.0 
1565.6840001278906129 3.0 
1566.6840001278906129 3.0 
1567.6840001278906129 5.0 
1568.6840001278906129 8.0 
1569.6840001278906129 9.0 
1570.6840001278906129 9.0 
1571.6840001278906129 3.0 
1572.6840001278906129 4.0 
1573.6840001278906129 0.0 
1574.6840001278906129 2.0 
1575.6840001278906129 6.0 
1576.6840001278906129 3.0 
1577.6840001278906129 7.0 
1578.6840001278906129 6.0 
1579.6840001278906129 7.0 
1580.6840001278906129 7.0 
1581.6840001278906129 1.0 
1582.6840001278906129 4.0 
1583.6840001278906129 3.0 
1584.6840001278906129 4.0 
1585.6840001278906129 4.0 
1586.6840001278906129 3.0 
1587.6840001278906129 5.0 
1588.6840001278906129 6.0 
1589.6840001278906129 6.0 
1590.6840001278906129 4.0 
1591.6840001278906129 3.0 
1592.6840001278906129 5.0 
1593.6840001278906129 3.0 
1594.6840001278906129 4.0 
1595.6840001278906129 6.0 
1596.6840001278906129 5.0 
1597.6840001278906129 6.0 
1598.6840001278906129 3.0 
1599.6840001278906129 6.0 
1600.6840001278906129 3.0 
1601.6840001278906129 3.0 
1602.6840001278906129 3.0 
1603.6840001278906129 1.0 
1604.6840001278906129 3.0 
1605.6840001278906129 4.0 
1606.6840001278906129 5.0 
1607.6840001278906129 4.0 
1608.6840001278906129 7.0 
1609.6840001278906129 8.0 
1610.6840001278906129 5.0 
1611.6840001278906129 5.0 
1612.6840001278906129 4.0 
1613.6840001278906129 4.0 
1614.6840001278906129 1.0 
1615.6840001278906129 6.0 
1616.6840001278906129 9.0 
1617.6840001278906129 5.0 
1618.6840001278906129 5.0 
1619.6840001278906129 2.0 
1620.6840001278906129 4.0 
1621.6840001278906129 4.0 
1622.6840001278906129 2.0 
1623.6840001278906129 4.0 
1624.6840001278906129 5.0 
1625.6840001278906129 7.0 
1626.6840001278906129 2.0 
1627.6840001278906129 4.0 
1628.6840001278906129 7.0 
1629.6840001278906129 4.0 
1630.6840001278906129 4.0 
1631.6840001278906129 4.0 
1632.6840001278906129 1.0 
1633.6840001278906129 5.0 
1634.6840001278906129 6.0 
1635.6840001278906129 8.0 
1636.6840001278906129 8.0 
1637.6840001278906129 5.0 
1638.6840001278906129 3.0 
1639.6840001278906129 3.0 
1640.6840001278906129 2.0 
1641.6840001278906129 1.0 
1642.6840001278906129 0.0 
1643.6840001278906129 3.0 
1644.6840001278906129 3.0 
1645.6840001278906129 6.0 
1646.6840001278906129 4.0 
1647.6840001278906129 2.0 
1648.6840001278906129 6.0 
1649.6840001278906129 5.0 
1650.6840001278906129 2.0 
1651.6840001278906129 7.0 
1652.6840001278906129 9.0 
1653.6840001278906129 5.0 
1654.6840001278906129 9.0 
1655.6840001278906129 6.0 
1656.6840001278906129 2.0 
1657.6840001278906129 1.0 
1658.6840001278906129 5.0 
1659.6840001278906129 5.0 
1660.6840001278906129 6.0 
1661.6840001278906129 7.0 
1662.6840001278906129 3.0 
1663.6840001278906129 5.0 
1664.6840001278906129 5.0 
1665.6840001278906129 4.0 
1666.6840001278906129 2.0 
1667.6840001278906129 1.0 
1668.6840001278906129 1.0 
1669.6840001278906129 5.0 
1670.6840001278906129 4.0 
1671.6840001278906129 5.0 
1672.6840001278906129 2.0 
1673.6840001278906129 3.0 
1674.6840001278906129 2.0 
1675.6840001278906129 3.0 
1676.6840001278906129 1.0 
1677.6840001278906129 3.0 
1678.6840001278906129 1.0 
1679.6840001278906129 2.0 
1680.6840001278906129 4.0 
1681.6840001278906129 7.0 
1682.6840001278906129 2.0 
1683.6840001278906129 2.0 
1684.6840001278906129 4.0 
1685.6840001278906129 4.0 
1686.6840001278906129 1.0 
1687.6840001278906129 2.0 
1688.6840001278906129 0.0 
1689.6840001278906129 1.0 
1690.6840001278906129 7.0 
1691.6840001278906129 8.0 
1692.6840001278906129 2.0 
1693.6840001278906129 3.0 
1694.6840001278906129 2.0 
1695.6840001278906129 3.0 
1696.6840001278906129 5.0 
1697.6840001278906129 3.0 
1698.6840001278906129 4.0 
1699.6840001278906129 9.0 
1700.6840001278906129 6.0 
1701.6840001278906129 6.0 
1702.6840001278906129 4.0 
1703.6840001278906129 2.0 
1704.6840001278906129 2.0 
1705.6840001278906129 3.0 
1706.6840001278906129 3.0 
1707.6840001278906129 5.0 
1708.6840001278906129 8.0 
1709.6840001278906129 8.0 
1710.6840001278906129 7.0 
1711.6840001278906129 3.0 
1712.6840001278906129 3.0 
1713.6840001278906129 4.0 
1714.6840001278906129 2.0 
1715.6840001278906129 2.0 
1716.6840001278906129 4.0 
1717.6840001278906129 8.0 
1718.6840001278906129 8.0 
1719.6840001278906129 6.0 
1720.6840001278906129 5.0 
1721.6840001278906129 1.0 
1722.6840001278906129 3.0 
1723.6840001278906129 2.0 
1724.6840001278906129 7.0 
1725.6840001278906129 5.0 
1726.6840001278906129 10.0 
1727.6840001278906129 7.0 
1728.6840001278906129 7.0 
1729.6840001278906129 7.0 
1730.6840001278906129 8.0 
1731.6840001278906129 0.0 
1732.6840001278906129 4.0 
1733.6840001278906129 2.0 
1734.6840001278906129 4.0 
1735.6840001278906129 4.0 
1736.6840001278906129 8.0 
1737.6840001278906129 9.0 
1738.6840001278906129 7.0 
1739.6840001278906129 4.0 
1740.6840001278906129 2.0 
1741.6840001278906129 2.0 
1742.6840001278906129 4.0 
1743.6840001278906129 4.0 
1744.6840001278906129 3.0 
1745.6840001278906129 7.0 
1746.6840001278906129 8.0 
1747.6840001278906129 6.0 
1748.6840001278906129 9.0 
1749.6840001278906129 1.0 
1750.6840001278906129 0.0 
1751.6840001278906129 1.0 
1752.6840001278906129 3.0 
1753.6840001278906129 3.0 
1754.6840001278906129 7.0 
1755.6840001278906129 10.0 
1756.6840001278906129 9.0 
1757.6840001278906129 4.0 
1758.6840001278906129 3.0 
1759.6840001278906129 2.0 
1760.6840001278906129 1.0 
1761.6840001278906129 2.0 
1762.6840001278906129 1.0 
1763.6840001278906129 6.0 
1764.6840001278906129 5.0 
1765.6840001278906129 7.0 
1766.6840001278906129 5.0 
1767.6840001278906129 3.0 
1768.6840001278906129 4.0 
1769.6840001278906129 0.0 
1770.6840001278906129 3.0 
1771.6840001278906129 3.0 
1772.6840001278906129 3.0 
1773.6840001278906129 7.0 
1774.6840001278906129 6.0 
1775.6840001278906129 1.0 
1776.6840001278906129 4.0 
1777.6840001278906129 2.0 
1778.6840001278906129 0.0 
1779.6840001278906129 4.0 
1780.6840001278906129 3.0 
1781.6840001278906129 2.0 
1782.6840001278906129 7.0 
1783.6840001278906129 13.0 
1784.6840001278906129 3.0 
1785.6840001278906129 7.0 
1786.6840001278906129 3.0 
1787.6840001278906129 1.0 
1788.6840001278906129 2.0 
1789.6840001278906129 3.0 
1790.6840001278906129 4.0 
1791.6840001278906129 2.0 
1792.6840001278906129 4.0 
1793.6840001278906129 4.0 
1794.6840001278906129 8.0 
1795.6840001278906129 6.0 
1796.6840001278906129 2.0 
1797.6840001278906129 2.0 
1798.6840001278906129 2.0 
1799.6840001278906129 3.0 
1800.6840001278906129 5.0 
1801.6840001278906129 4.0 
1802.6840001278906129 2.0 
1803.6840001278906129 2.0 
1804.6840001278906129 4.0 
1805.6840001278906129 1.0 
1806.6840001278906129 2.0 
1807.6840001278906129 1.0 
1808.6840001278906129 4.0 
1809.6840001278906129 3.0 
1810.6840001278906129 5.0 
1811.6840001278906129 4.0 
1812.6840001278906129 4.0 
1813.6840001278906129 2.0 
1814.6840001278906129 8.0 
1815.6840001278906129 2.0 
1816.6840001278906129 0.0 
1817.6840001278906129 2.0 
1818.6840001278906129 3.0 
1819.6840001278906129 6.0 
1820.6840001278906129 4.0 
1821.6840001278906129 5.0 
1822.6840001278906129 8.0 
1823.6840001278906129 1.0 
1824.6840001278906129 1.0 
1825.6840001278906129 1.0 
1826.6840001278906129 2.0 
1827.6840001278906129 1.0 
1828.6840001278906129 3.0 
1829.6840001278906129 1.0 
1830.6840001278906129 6.0 
1831.6840001278906129 4.0 
1832.6840001278906129 0.0 
1833.6840001278906129 0.0 
1834.6840001278906129 2.0 
1835.6840001278906129 1.0 
1836.6840001278906129 3.0 
1837.6840001278906129 3.0 
1838.6840001278906129 7.0 
1839.6840001278906129 4.0 
1840.6840001278906129 6.0 
1841.6840001278906129 0.0 
1842.6840001278906129 2.0 
1843.6840001278906129 3.0 
1844.6840001278906129 2.0 
1845.6840001278906129 2.0 
1846.6840001278906129 2.0 
1847.6840001278906129 3.0 
1848.6840001278906129 8.0 
1849.6840001278906129 3.0 
1850.6840001278906129 7.0 
1851.6840001278906129 2.0 
1852.6840001278906129 2.0 
1853.6840001278906129 5.0 
1854.6840001278906129 1.0 
1855.6840001278906129 2.0 
1856.6840001278906129 2.0 
1857.6840001278906129 6.0 
1858.6840001278906129 4.0 
1859.6840001278906129 4.0 
1860.6840001278906129 1.0 
1861.6840001278906129 0.0 
1862.6840001278906129 0.0 
1863.6840001278906129 2.0 
1864.6840001278906129 0.0 
1865.6840001278906129 1.0 
1866.6840001278906129 3.0 
1867.6840001278906129 3.0 
1868.6840001278906129 4.0 
1869.6840001278906129 3.0 
1870.6840001278906129 2.0 
1871.6840001278906129 2.0 
1872.6840001278906129 3.0 
1873.6840001278906129 3.0 
1874.6840001278906129 0.0 
1875.6840001278906129 3.0 
1876.6840001278906129 9.0 
1877.6840001278906129 7.0 
1878.6840001278906129 4.0 
1879.6840001278906129 1.0 
1880.6840001278906129 2.0 
1881.6840001278906129 1.0 
1882.6840001278906129 1.0 
1883.6840001278906129 1.0 
